   0.00000000000  0.00000000000
   0.06157177365  0.00006163280
   0.12170464898  0.00288900601
   0.18044470419  0.02082018260
   0.23783160859  0.06736711010
   0.29390258726  0.14385834969
   0.34869319902  0.24443215086
   0.40223743072  0.36316990076
   0.45456792961  0.49556457326
   0.50571616202  0.63818586230
   0.55571250639  0.78836889445
   0.60458634297  0.94403808275
   0.65236608242  1.10358365536
   0.69907923445  1.26576111431
   0.74475245951  1.42961086640
   0.78941161332  1.59439403123
   0.83308178621  1.75954261641
   0.87578732109  1.92461949664
   0.91755185234  2.08928713363
   0.95839833565  2.25328457254
   0.99834907454  2.41640995018
   1.03742574550  2.57850760775
   1.07564941350  2.73945710429
   1.11304055948  2.89916496943
   1.14961910104  3.05755887165
   1.18540441236  3.21458320794
   1.22041534055  3.37019594553
   1.25467022359  3.52436533425
   1.28818690658  3.67706769594
   1.32098275975  3.82828591067
   1.35307469136  3.97800828542
   1.38447916343  4.12622772171
   1.41521220593  4.27294051704
   1.44528943029  4.41814574252
   1.47472604226  4.56184480833
   1.50353685287  4.70404119201
   1.53173629185  4.84474014360
   1.55933841981  4.98394820189
   1.58635693805  5.12167300897
   1.61280519955  5.25792317224
   1.63869621648  5.39270820810
   1.66404267477  5.52603837963
   1.68885694200  5.65792448960
   1.71315107569  5.78837782264
   1.73693683274  5.91741009739
   1.76022567479  6.04503344629
   1.78302878206  6.17126031696
   1.80535705884  6.29610338925
   1.82722114097  6.41957555456
   1.84863140242  6.54168988299
   1.86959796152  6.66245960333
   1.89013069221  6.78189804564
   1.91023922847  6.90001861733
   1.92993297079  7.01683478264
   1.94922109085  7.13236005490
   1.96811253844  7.24660794813
   1.98661605039  7.35959197511
   2.00474015412  7.47132564162
   2.02249317324  7.58182243556
   2.03988323056  7.69109580261
   2.05691825654  7.79915911294
   2.07360599499  7.90602568055
   2.08995400647  8.01170876929
   2.10596967305  8.11622158344
   2.12166020083  8.21957722739
   2.13703262793  8.32178869010
   2.15209382882  8.42286888095
   2.16685051724  8.52283063694
   2.18130925011  8.62168670526
   2.19547642970  8.71944970168
   2.20935831160  8.81613210713
   2.22296100740  8.91174631551
   2.23629048737  9.00630463354
   2.24935258362  9.09981926433
   2.26215299235  9.19230225224
   2.27469728128  9.28376550881
   2.28699089096  9.37422085627
   2.29903913767  9.46368002192
   2.31084721544  9.55215461779
   2.32242019919  9.63965608273
   2.33376305062  9.72619573487
   2.34488061912  9.81178480065
   2.35577764449  9.89643440699
   2.36645875846  9.98015555914
   2.37692848817 10.06295908447
   2.38719126092 10.14485570532
   2.39725140475 10.22585605649
   2.40711315072 10.30597068074
   2.41678063407 10.38520999425
   2.42625789831 10.46358425031
   2.43554889830 10.54110361259
   2.44465750097 10.61777816249
   2.45358748749 10.69361788784
   2.46234255374 10.76863263877
   2.47092631525 10.84283211443
   2.47934230843 10.91622593001
   2.48759399189 10.98882361548
   2.49568474803 11.06063460609
   2.50361788371 11.13166818707
   2.51139663482 11.20193351063
   2.51902416682 11.27143964780
   2.52650357618 11.34019558396
   2.53383789152 11.40821020845
   2.54103007438 11.47549225596
   2.54808302355 11.54205034553
   2.55499957506 11.60789301873
   2.56178250359 11.67302873128
   2.56843452329 11.73746583603
   2.57495828929 11.80121252996
   2.58135640073 11.86427691157
   2.58763140097 11.92666700663
   2.59378577874 11.98839075950
   2.59982196862 12.04945601472
   2.60574235313 12.10987047236
   2.61154926478 12.16964175183
   2.61724498636 12.22877740284
   2.62283175198 12.28728489823
   2.62831174726 12.34517160459
   2.63368711197 12.40244475843
   2.63895994103 12.45911152470
   2.64413228498 12.51517900074
   2.64920615102 12.57065421030
   2.65418350294 12.62554406546
   2.65906626397 12.67985536491
   2.66385631715 12.73359484329
   2.66855550595 12.78676917070
   2.67316563497 12.83938494432
   2.67768847012 12.89144864879
   2.68212574134 12.94296667148
   2.68647914248 12.99394534152
   2.69075033203 13.04439092582
   2.69494093370 13.09430962039
   2.69905253675 13.14370750782
   2.70308669830 13.19259059040
