   0.770000E+00  0.700000E-04  0.100000E-04  0.230000E+00  0.100000E-09
   0.769982E+00  0.699938E-04  0.100037E-04  0.230009E+00  0.637715E-06
   0.769904E+00  0.699635E-04  0.100234E-04  0.230049E+00  0.341233E-05
   0.769613E+00  0.698396E-04  0.101092E-04  0.230198E+00  0.137554E-04
   0.769044E+00  0.695603E-04  0.103237E-04  0.230492E+00  0.341236E-04
   0.768286E+00  0.691323E-04  0.106900E-04  0.230886E+00  0.617042E-04
   0.767444E+00  0.685921E-04  0.112056E-04  0.231325E+00  0.932865E-04
   0.766583E+00  0.679882E-04  0.118312E-04  0.231775E+00  0.126608E-03
   0.765734E+00  0.673491E-04  0.125445E-04  0.232221E+00  0.160545E-03
   0.764913E+00  0.666933E-04  0.133292E-04  0.232654E+00  0.194432E-03
   0.764128E+00  0.660303E-04  0.141785E-04  0.233068E+00  0.227933E-03
   0.763382E+00  0.653659E-04  0.150887E-04  0.233464E+00  0.260857E-03
   0.762680E+00  0.647153E-04  0.160299E-04  0.233837E+00  0.292702E-03
   0.762022E+00  0.640829E-04  0.169919E-04  0.234188E+00  0.323321E-03
   0.761406E+00  0.634719E-04  0.179665E-04  0.234517E+00  0.352631E-03
   0.760830E+00  0.628809E-04  0.189571E-04  0.234826E+00  0.380714E-03
   0.760291E+00  0.623111E-04  0.199602E-04  0.235115E+00  0.407546E-03
   0.759788E+00  0.617668E-04  0.209633E-04  0.235385E+00  0.433001E-03
   0.759318E+00  0.612476E-04  0.219667E-04  0.235638E+00  0.457121E-03
   0.758880E+00  0.607527E-04  0.229711E-04  0.235874E+00  0.479959E-03
   0.758468E+00  0.602779E-04  0.239893E-04  0.236096E+00  0.501680E-03
   0.758080E+00  0.598242E-04  0.250163E-04  0.236304E+00  0.522278E-03
   0.757717E+00  0.593920E-04  0.260461E-04  0.236499E+00  0.541764E-03
   0.757374E+00  0.589797E-04  0.270793E-04  0.236683E+00  0.560212E-03
   0.757051E+00  0.585862E-04  0.281164E-04  0.236856E+00  0.577697E-03
   0.756743E+00  0.582074E-04  0.291719E-04  0.237021E+00  0.594375E-03
   0.756450E+00  0.578446E-04  0.302339E-04  0.237178E+00  0.610232E-03
   0.756170E+00  0.574971E-04  0.312992E-04  0.237327E+00  0.625319E-03
   0.755903E+00  0.571637E-04  0.323677E-04  0.237470E+00  0.639697E-03
   0.755647E+00  0.568432E-04  0.334392E-04  0.237606E+00  0.653423E-03
   0.755399E+00  0.565328E-04  0.345293E-04  0.237739E+00  0.666609E-03
   0.755159E+00  0.562337E-04  0.356209E-04  0.237867E+00  0.679224E-03
   0.754926E+00  0.559450E-04  0.367138E-04  0.237991E+00  0.691305E-03
   0.754700E+00  0.556660E-04  0.378076E-04  0.238112E+00  0.702886E-03
   0.754480E+00  0.553956E-04  0.389048E-04  0.238231E+00  0.714002E-03
   0.754263E+00  0.551324E-04  0.400140E-04  0.238349E+00  0.724697E-03
   0.754050E+00  0.548770E-04  0.411225E-04  0.238465E+00  0.734962E-03
   0.753841E+00  0.546287E-04  0.422303E-04  0.238581E+00  0.744819E-03
   0.753634E+00  0.543872E-04  0.433372E-04  0.238695E+00  0.754290E-03
   0.753430E+00  0.541515E-04  0.444475E-04  0.238810E+00  0.763397E-03
   0.753227E+00  0.539211E-04  0.455645E-04  0.238925E+00  0.772153E-03
   0.753025E+00  0.536961E-04  0.466796E-04  0.239041E+00  0.780570E-03
   0.752825E+00  0.534762E-04  0.477926E-04  0.239157E+00  0.788666E-03
   0.752626E+00  0.532610E-04  0.489036E-04  0.239274E+00  0.796457E-03
   0.752427E+00  0.530500E-04  0.500188E-04  0.239391E+00  0.803955E-03
   0.752229E+00  0.528429E-04  0.511368E-04  0.239510E+00  0.811175E-03
   0.752031E+00  0.526398E-04  0.522523E-04  0.239629E+00  0.818142E-03
   0.751835E+00  0.524402E-04  0.533656E-04  0.239749E+00  0.824873E-03
   0.751639E+00  0.522441E-04  0.544766E-04  0.239869E+00  0.831385E-03
   0.751443E+00  0.520511E-04  0.555926E-04  0.239990E+00  0.837676E-03
   0.751248E+00  0.518611E-04  0.567090E-04  0.240112E+00  0.843769E-03
   0.751054E+00  0.516741E-04  0.578230E-04  0.240234E+00  0.849685E-03
   0.750861E+00  0.514897E-04  0.589348E-04  0.240356E+00  0.855436E-03
   0.750669E+00  0.513078E-04  0.600445E-04  0.240478E+00  0.861033E-03
   0.750477E+00  0.511285E-04  0.611599E-04  0.240601E+00  0.866461E-03
   0.750286E+00  0.509515E-04  0.622740E-04  0.240724E+00  0.871751E-03
   0.750096E+00  0.507766E-04  0.633859E-04  0.240847E+00  0.876915E-03
   0.749907E+00  0.506039E-04  0.644958E-04  0.240969E+00  0.881963E-03
   0.749719E+00  0.504331E-04  0.656044E-04  0.241092E+00  0.886900E-03
   0.749531E+00  0.502644E-04  0.667182E-04  0.241216E+00  0.891702E-03
   0.749344E+00  0.500975E-04  0.678299E-04  0.241339E+00  0.896409E-03
   0.749158E+00  0.499324E-04  0.689398E-04  0.241462E+00  0.901027E-03
   0.748973E+00  0.497688E-04  0.700480E-04  0.241585E+00  0.905561E-03
   0.748788E+00  0.496069E-04  0.711561E-04  0.241708E+00  0.910010E-03
   0.748604E+00  0.494468E-04  0.722675E-04  0.241831E+00  0.914357E-03
   0.748421E+00  0.492881E-04  0.733772E-04  0.241954E+00  0.918636E-03
   0.748238E+00  0.491308E-04  0.744853E-04  0.242077E+00  0.922852E-03
   0.748057E+00  0.489747E-04  0.755920E-04  0.242200E+00  0.927008E-03
   0.747875E+00  0.488201E-04  0.766997E-04  0.242323E+00  0.931092E-03
   0.747695E+00  0.486671E-04  0.778092E-04  0.242446E+00  0.935101E-03
   0.747515E+00  0.485152E-04  0.789172E-04  0.242569E+00  0.939060E-03
   0.747335E+00  0.483643E-04  0.800240E-04  0.242691E+00  0.942973E-03
   0.747157E+00  0.482146E-04  0.811296E-04  0.242814E+00  0.946842E-03
   0.746978E+00  0.480662E-04  0.822369E-04  0.242936E+00  0.950646E-03
   0.746800E+00  0.479191E-04  0.833449E-04  0.243059E+00  0.954395E-03
   0.746623E+00  0.477729E-04  0.844518E-04  0.243182E+00  0.958107E-03
   0.746447E+00  0.476276E-04  0.855577E-04  0.243304E+00  0.961784E-03
   0.746270E+00  0.474832E-04  0.866626E-04  0.243427E+00  0.965427E-03
   0.746095E+00  0.473402E-04  0.877698E-04  0.243549E+00  0.969009E-03
   0.745919E+00  0.471981E-04  0.888769E-04  0.243672E+00  0.972552E-03
   0.745744E+00  0.470569E-04  0.899831E-04  0.243794E+00  0.976066E-03
   0.745570E+00  0.469164E-04  0.910885E-04  0.243917E+00  0.979553E-03
   0.745395E+00  0.467766E-04  0.921932E-04  0.244039E+00  0.983014E-03
   0.745221E+00  0.466383E-04  0.933004E-04  0.244162E+00  0.986414E-03
   0.745048E+00  0.465007E-04  0.944070E-04  0.244284E+00  0.989787E-03
   0.744875E+00  0.463637E-04  0.955130E-04  0.244407E+00  0.993139E-03
   0.744702E+00  0.462274E-04  0.966186E-04  0.244529E+00  0.996469E-03
   0.744530E+00  0.460918E-04  0.977240E-04  0.244651E+00  0.999773E-03
   0.744358E+00  0.459575E-04  0.988315E-04  0.244773E+00  0.100302E-02
   0.744187E+00  0.458238E-04  0.999385E-04  0.244895E+00  0.100626E-02
   0.744016E+00  0.456906E-04  0.101045E-03  0.245017E+00  0.100947E-02
   0.743847E+00  0.455579E-04  0.102152E-03  0.245138E+00  0.101266E-02
   0.743678E+00  0.454260E-04  0.103259E-03  0.245259E+00  0.101583E-02
   0.743509E+00  0.452952E-04  0.104368E-03  0.245380E+00  0.101896E-02
   0.743342E+00  0.451648E-04  0.105477E-03  0.245500E+00  0.102207E-02
   0.743175E+00  0.450349E-04  0.106586E-03  0.245619E+00  0.102516E-02
   0.743010E+00  0.449054E-04  0.107695E-03  0.245738E+00  0.102824E-02
   0.742845E+00  0.447768E-04  0.108805E-03  0.245856E+00  0.103129E-02
   0.742681E+00  0.446490E-04  0.109916E-03  0.245974E+00  0.103431E-02
   0.742518E+00  0.445216E-04  0.111028E-03  0.246091E+00  0.103731E-02
   0.742356E+00  0.443946E-04  0.112140E-03  0.246208E+00  0.104030E-02
   0.742196E+00  0.442679E-04  0.113252E-03  0.246323E+00  0.104328E-02
   0.742036E+00  0.441422E-04  0.114366E-03  0.246439E+00  0.104623E-02
   0.741878E+00  0.440172E-04  0.115481E-03  0.246553E+00  0.104915E-02
   0.741721E+00  0.438924E-04  0.116596E-03  0.246666E+00  0.105206E-02
   0.741564E+00  0.437680E-04  0.117712E-03  0.246779E+00  0.105497E-02
   0.741409E+00  0.436438E-04  0.118828E-03  0.246891E+00  0.105786E-02
   0.741256E+00  0.435207E-04  0.119946E-03  0.247002E+00  0.106071E-02
   0.741103E+00  0.433981E-04  0.121064E-03  0.247112E+00  0.106355E-02
   0.740952E+00  0.432758E-04  0.122184E-03  0.247222E+00  0.106639E-02
   0.740802E+00  0.431537E-04  0.123304E-03  0.247331E+00  0.106921E-02
   0.740654E+00  0.430318E-04  0.124425E-03  0.247439E+00  0.107203E-02
   0.740506E+00  0.429112E-04  0.125547E-03  0.247546E+00  0.107481E-02
   0.740360E+00  0.427908E-04  0.126670E-03  0.247652E+00  0.107758E-02
   0.740216E+00  0.426707E-04  0.127794E-03  0.247757E+00  0.108034E-02
   0.740072E+00  0.425507E-04  0.128919E-03  0.247862E+00  0.108310E-02
   0.739930E+00  0.424311E-04  0.130045E-03  0.247965E+00  0.108584E-02
   0.739790E+00  0.423126E-04  0.131171E-03  0.248068E+00  0.108855E-02
   0.739650E+00  0.421942E-04  0.132299E-03  0.248169E+00  0.109126E-02
   0.739512E+00  0.420760E-04  0.133428E-03  0.248270E+00  0.109396E-02
   0.739375E+00  0.419580E-04  0.134558E-03  0.248370E+00  0.109666E-02
   0.739239E+00  0.418406E-04  0.135689E-03  0.248469E+00  0.109934E-02
   0.739105E+00  0.417239E-04  0.136821E-03  0.248567E+00  0.110199E-02
   0.738972E+00  0.416074E-04  0.137954E-03  0.248664E+00  0.110464E-02
   0.738840E+00  0.414911E-04  0.139088E-03  0.248760E+00  0.110729E-02
   0.738709E+00  0.413749E-04  0.140223E-03  0.248855E+00  0.110994E-02
   0.738579E+00  0.412594E-04  0.141359E-03  0.248949E+00  0.111256E-02
   0.738451E+00  0.411445E-04  0.142496E-03  0.249041E+00  0.111516E-02
   0.738325E+00  0.410297E-04  0.143634E-03  0.249133E+00  0.111776E-02
   0.738199E+00  0.409151E-04  0.144773E-03  0.249224E+00  0.112036E-02
   0.738074E+00  0.408005E-04  0.145914E-03  0.249314E+00  0.112296E-02
   0.737951E+00  0.406869E-04  0.147055E-03  0.249403E+00  0.112553E-02
   0.737829E+00  0.405736E-04  0.148197E-03  0.249490E+00  0.112809E-02
   0.737709E+00  0.404604E-04  0.149341E-03  0.249577E+00  0.113065E-02
