   0.100000E-09  0.100000E-09  0.100000E-09  0.100000E-09  0.100000E-09
   0.190615E-06  0.470003E-06  0.240989E-06  0.357831E-07  0.822271E-08
   0.101057E-05  0.253389E-05  0.130418E-05  0.193789E-06  0.976627E-07
   0.401710E-05  0.102944E-04  0.532640E-05  0.794096E-06  0.635696E-06
   0.980777E-05  0.256531E-04  0.133287E-04  0.199173E-05  0.255120E-05
   0.173979E-04  0.463109E-04  0.241291E-04  0.360920E-05  0.678310E-05
   0.256733E-04  0.694524E-04  0.362574E-04  0.542416E-05  0.139231E-04
   0.339990E-04  0.932753E-04  0.487636E-04  0.729367E-05  0.234761E-04
   0.420758E-04  0.116898E-03  0.611818E-04  0.914776E-05  0.350723E-04
   0.497589E-04  0.139863E-03  0.732694E-04  0.109501E-04  0.483945E-04
   0.569792E-04  0.161958E-03  0.849136E-04  0.126839E-04  0.633187E-04
   0.637105E-04  0.183097E-03  0.960695E-04  0.143423E-04  0.797932E-04
   0.699433E-04  0.203135E-03  0.106656E-03  0.159138E-04  0.972450E-04
   0.756903E-04  0.222065E-03  0.116670E-03  0.173981E-04  0.115494E-03
   0.809747E-04  0.239916E-03  0.126124E-03  0.187971E-04  0.134388E-03
   0.858300E-04  0.256790E-03  0.135072E-03  0.201191E-04  0.153998E-03
   0.902890E-04  0.272751E-03  0.143547E-03  0.213690E-04  0.174217E-03
   0.943803E-04  0.287806E-03  0.151550E-03  0.225474E-04  0.194720E-03
   0.981374E-04  0.302028E-03  0.159120E-03  0.236602E-04  0.215441E-03
   0.101592E-03  0.315490E-03  0.166293E-03  0.247130E-04  0.236323E-03
   0.104781E-03  0.328328E-03  0.173142E-03  0.257165E-04  0.257561E-03
   0.107728E-03  0.340572E-03  0.179682E-03  0.266731E-04  0.278991E-03
   0.110457E-03  0.352249E-03  0.185926E-03  0.275851E-04  0.300456E-03
   0.112990E-03  0.363417E-03  0.191904E-03  0.284569E-04  0.321938E-03
   0.115350E-03  0.374130E-03  0.197644E-03  0.292929E-04  0.343428E-03
   0.117561E-03  0.384509E-03  0.203212E-03  0.301025E-04  0.365184E-03
   0.119636E-03  0.394536E-03  0.208596E-03  0.308843E-04  0.386977E-03
   0.121587E-03  0.404236E-03  0.213808E-03  0.316403E-04  0.408747E-03
   0.123429E-03  0.413642E-03  0.218867E-03  0.323732E-04  0.430496E-03
   0.125173E-03  0.422787E-03  0.223789E-03  0.330855E-04  0.452220E-03
   0.126836E-03  0.431772E-03  0.228629E-03  0.337851E-04  0.474185E-03
   0.128421E-03  0.440527E-03  0.233349E-03  0.344667E-04  0.496050E-03
   0.129934E-03  0.449065E-03  0.237954E-03  0.351313E-04  0.517773E-03
   0.131382E-03  0.457394E-03  0.242449E-03  0.357794E-04  0.539312E-03
   0.132773E-03  0.465532E-03  0.246842E-03  0.364125E-04  0.560663E-03
   0.134114E-03  0.473520E-03  0.251156E-03  0.370338E-04  0.581914E-03
   0.135405E-03  0.481308E-03  0.255364E-03  0.376396E-04  0.602839E-03
   0.136651E-03  0.488903E-03  0.259469E-03  0.382302E-04  0.623413E-03
   0.137855E-03  0.496309E-03  0.263472E-03  0.388061E-04  0.643618E-03
   0.139021E-03  0.503548E-03  0.267386E-03  0.393689E-04  0.663491E-03
   0.140155E-03  0.510633E-03  0.271218E-03  0.399198E-04  0.683049E-03
   0.141254E-03  0.517542E-03  0.274954E-03  0.404569E-04  0.702189E-03
   0.142323E-03  0.524281E-03  0.278600E-03  0.409808E-04  0.720910E-03
   0.143362E-03  0.530857E-03  0.282157E-03  0.414920E-04  0.739219E-03
   0.144376E-03  0.537291E-03  0.285637E-03  0.419922E-04  0.757166E-03
   0.145367E-03  0.543584E-03  0.289042E-03  0.424814E-04  0.774742E-03
   0.146333E-03  0.549730E-03  0.292367E-03  0.429592E-04  0.791914E-03
   0.147277E-03  0.555734E-03  0.295615E-03  0.434259E-04  0.808693E-03
   0.148200E-03  0.561604E-03  0.298791E-03  0.438822E-04  0.825094E-03
   0.149106E-03  0.567358E-03  0.301904E-03  0.443294E-04  0.841161E-03
   0.149994E-03  0.572991E-03  0.304951E-03  0.447673E-04  0.856878E-03
   0.150864E-03  0.578505E-03  0.307934E-03  0.451960E-04  0.872247E-03
   0.151717E-03  0.583904E-03  0.310855E-03  0.456157E-04  0.887282E-03
   0.152555E-03  0.589196E-03  0.313718E-03  0.460271E-04  0.901998E-03
   0.153381E-03  0.594392E-03  0.316529E-03  0.464310E-04  0.916419E-03
   0.154192E-03  0.599489E-03  0.319286E-03  0.468273E-04  0.930542E-03
   0.154990E-03  0.604491E-03  0.321991E-03  0.472161E-04  0.944378E-03
   0.155775E-03  0.609401E-03  0.324647E-03  0.475979E-04  0.957941E-03
   0.156548E-03  0.614226E-03  0.327256E-03  0.479730E-04  0.971244E-03
   0.157312E-03  0.618971E-03  0.329822E-03  0.483419E-04  0.984287E-03
   0.158064E-03  0.623635E-03  0.332344E-03  0.487046E-04  0.997088E-03
   0.158806E-03  0.628224E-03  0.334825E-03  0.490613E-04  0.100966E-02
   0.159538E-03  0.632740E-03  0.337267E-03  0.494124E-04  0.102201E-02
   0.160261E-03  0.637186E-03  0.339671E-03  0.497581E-04  0.103414E-02
   0.160976E-03  0.641565E-03  0.342038E-03  0.500986E-04  0.104605E-02
   0.161682E-03  0.645879E-03  0.344371E-03  0.504341E-04  0.105777E-02
   0.162379E-03  0.650132E-03  0.346670E-03  0.507648E-04  0.106930E-02
   0.163068E-03  0.654327E-03  0.348937E-03  0.510910E-04  0.108066E-02
   0.163750E-03  0.658463E-03  0.351173E-03  0.514126E-04  0.109183E-02
   0.164426E-03  0.662543E-03  0.353378E-03  0.517299E-04  0.110281E-02
   0.165094E-03  0.666571E-03  0.355555E-03  0.520431E-04  0.111364E-02
   0.165755E-03  0.670549E-03  0.357705E-03  0.523524E-04  0.112432E-02
   0.166409E-03  0.674479E-03  0.359829E-03  0.526581E-04  0.113485E-02
   0.167057E-03  0.678359E-03  0.361926E-03  0.529598E-04  0.114522E-02
   0.167700E-03  0.682192E-03  0.363997E-03  0.532579E-04  0.115544E-02
   0.168336E-03  0.685982E-03  0.366045E-03  0.535526E-04  0.116553E-02
   0.168967E-03  0.689731E-03  0.368071E-03  0.538442E-04  0.117550E-02
   0.169592E-03  0.693441E-03  0.370075E-03  0.541327E-04  0.118536E-02
   0.170212E-03  0.697106E-03  0.372055E-03  0.544177E-04  0.119506E-02
   0.170827E-03  0.700732E-03  0.374014E-03  0.546997E-04  0.120464E-02
   0.171436E-03  0.704323E-03  0.375954E-03  0.549790E-04  0.121412E-02
   0.172041E-03  0.707879E-03  0.377876E-03  0.552556E-04  0.122350E-02
   0.172641E-03  0.711404E-03  0.379780E-03  0.555297E-04  0.123279E-02
   0.173237E-03  0.714885E-03  0.381660E-03  0.558005E-04  0.124192E-02
   0.173828E-03  0.718336E-03  0.383524E-03  0.560689E-04  0.125097E-02
   0.174415E-03  0.721757E-03  0.385372E-03  0.563349E-04  0.125993E-02
   0.174997E-03  0.725150E-03  0.387205E-03  0.565988E-04  0.126881E-02
   0.175575E-03  0.728513E-03  0.389021E-03  0.568604E-04  0.127761E-02
   0.176150E-03  0.731839E-03  0.390817E-03  0.571191E-04  0.128626E-02
   0.176720E-03  0.735139E-03  0.392599E-03  0.573757E-04  0.129485E-02
   0.177287E-03  0.738413E-03  0.394368E-03  0.576304E-04  0.130337E-02
   0.177849E-03  0.741664E-03  0.396123E-03  0.578833E-04  0.131183E-02
   0.178408E-03  0.744887E-03  0.397864E-03  0.581339E-04  0.132019E-02
   0.178963E-03  0.748077E-03  0.399586E-03  0.583821E-04  0.132845E-02
   0.179515E-03  0.751245E-03  0.401297E-03  0.586285E-04  0.133664E-02
   0.180063E-03  0.754392E-03  0.402996E-03  0.588733E-04  0.134478E-02
   0.180608E-03  0.757518E-03  0.404684E-03  0.591165E-04  0.135286E-02
   0.181149E-03  0.760616E-03  0.406356E-03  0.593576E-04  0.136086E-02
   0.181687E-03  0.763688E-03  0.408014E-03  0.595965E-04  0.136876E-02
   0.182222E-03  0.766740E-03  0.409662E-03  0.598340E-04  0.137661E-02
   0.182754E-03  0.769774E-03  0.411300E-03  0.600700E-04  0.138442E-02
   0.183283E-03  0.772791E-03  0.412928E-03  0.603047E-04  0.139218E-02
   0.183809E-03  0.775780E-03  0.414540E-03  0.605373E-04  0.139984E-02
   0.184332E-03  0.778746E-03  0.416141E-03  0.607681E-04  0.140744E-02
   0.184852E-03  0.781696E-03  0.417733E-03  0.609976E-04  0.141499E-02
   0.185369E-03  0.784631E-03  0.419316E-03  0.612260E-04  0.142250E-02
   0.185883E-03  0.787550E-03  0.420892E-03  0.614531E-04  0.142998E-02
   0.186395E-03  0.790440E-03  0.422451E-03  0.616781E-04  0.143735E-02
   0.186904E-03  0.793314E-03  0.424001E-03  0.619017E-04  0.144467E-02
   0.187410E-03  0.796173E-03  0.425544E-03  0.621242E-04  0.145196E-02
   0.187914E-03  0.799019E-03  0.427079E-03  0.623456E-04  0.145922E-02
   0.188415E-03  0.801851E-03  0.428607E-03  0.625660E-04  0.146644E-02
   0.188915E-03  0.804654E-03  0.430119E-03  0.627842E-04  0.147355E-02
   0.189411E-03  0.807445E-03  0.431624E-03  0.630013E-04  0.148063E-02
   0.189906E-03  0.810223E-03  0.433122E-03  0.632175E-04  0.148769E-02
   0.190397E-03  0.812989E-03  0.434614E-03  0.634327E-04  0.149471E-02
   0.190887E-03  0.815741E-03  0.436098E-03  0.636469E-04  0.150170E-02
   0.191375E-03  0.818468E-03  0.437569E-03  0.638590E-04  0.150859E-02
   0.191860E-03  0.821183E-03  0.439033E-03  0.640703E-04  0.151546E-02
   0.192343E-03  0.823888E-03  0.440492E-03  0.642808E-04  0.152230E-02
   0.192824E-03  0.826583E-03  0.441945E-03  0.644905E-04  0.152912E-02
   0.193303E-03  0.829261E-03  0.443389E-03  0.646988E-04  0.153589E-02
   0.193780E-03  0.831918E-03  0.444822E-03  0.649056E-04  0.154259E-02
   0.194255E-03  0.834566E-03  0.446250E-03  0.651117E-04  0.154926E-02
   0.194728E-03  0.837205E-03  0.447673E-03  0.653170E-04  0.155592E-02
   0.195199E-03  0.839834E-03  0.449090E-03  0.655215E-04  0.156255E-02
   0.195668E-03  0.842445E-03  0.450498E-03  0.657247E-04  0.156913E-02
   0.196135E-03  0.845040E-03  0.451897E-03  0.659266E-04  0.157564E-02
   0.196601E-03  0.847626E-03  0.453291E-03  0.661278E-04  0.158214E-02
   0.197064E-03  0.850204E-03  0.454681E-03  0.663284E-04  0.158863E-02
   0.197526E-03  0.852774E-03  0.456067E-03  0.665284E-04  0.159510E-02
   0.197986E-03  0.855324E-03  0.457441E-03  0.667268E-04  0.160149E-02
   0.198444E-03  0.857861E-03  0.458809E-03  0.669242E-04  0.160785E-02
   0.198901E-03  0.860391E-03  0.460173E-03  0.671210E-04  0.161419E-02
