   0.100000E-09  0.100000E-09  0.100000E-09  0.100000E-09  0.100000E-09
   0.609320E-05  0.229565E-07  0.499261E-09  0.133596E-09  0.118764E-05
   0.322980E-04  0.189701E-06  0.352590E-08  0.911346E-09  0.625577E-05
   0.128285E-03  0.104029E-05  0.192225E-07  0.137115E-07  0.246311E-04
   0.312840E-03  0.350534E-05  0.658499E-07  0.870510E-07  0.596807E-04
   0.554140E-03  0.792472E-05  0.152570E-06  0.288700E-06  0.105297E-03
   0.816372E-03  0.140086E-04  0.278090E-06  0.656298E-06  0.154737E-03
   0.107934E-02  0.212065E-04  0.431865E-06  0.119423E-05  0.204245E-03
   0.133358E-02  0.291674E-04  0.607423E-06  0.188962E-05  0.252064E-03
   0.157456E-02  0.376572E-04  0.800335E-06  0.272173E-05  0.297356E-03
   0.180017E-02  0.465403E-04  0.100874E-05  0.366664E-05  0.339718E-03
   0.200961E-02  0.557253E-04  0.123176E-05  0.470010E-05  0.378998E-03
   0.220278E-02  0.650042E-04  0.146309E-05  0.579833E-05  0.415189E-03
   0.238017E-02  0.742880E-04  0.170064E-05  0.694018E-05  0.448384E-03
   0.254259E-02  0.835071E-04  0.194267E-05  0.810723E-05  0.478736E-03
   0.269116E-02  0.926581E-04  0.218985E-05  0.928465E-05  0.506443E-03
   0.282698E-02  0.101698E-03  0.244085E-05  0.104600E-04  0.531713E-03
   0.295106E-02  0.110539E-03  0.269201E-05  0.116224E-04  0.554746E-03
   0.306449E-02  0.119161E-03  0.294243E-05  0.127640E-04  0.575747E-03
   0.316834E-02  0.127551E-03  0.319133E-05  0.138789E-04  0.594916E-03
   0.326373E-02  0.135756E-03  0.344048E-05  0.149639E-04  0.612454E-03
   0.335149E-02  0.143742E-03  0.368804E-05  0.160157E-04  0.628525E-03
   0.343238E-02  0.151484E-03  0.393241E-05  0.170318E-04  0.643278E-03
   0.350716E-02  0.158990E-03  0.417351E-05  0.180111E-04  0.656855E-03
   0.357652E-02  0.166271E-03  0.441136E-05  0.189536E-04  0.669384E-03
   0.364123E-02  0.173391E-03  0.464854E-05  0.198613E-04  0.681002E-03
   0.370170E-02  0.180318E-03  0.488308E-05  0.207337E-04  0.691794E-03
   0.375837E-02  0.187054E-03  0.511468E-05  0.215718E-04  0.701846E-03
   0.381168E-02  0.193616E-03  0.534360E-05  0.223768E-04  0.711240E-03
   0.386201E-02  0.200016E-03  0.557010E-05  0.231505E-04  0.720048E-03
   0.390990E-02  0.206327E-03  0.579722E-05  0.238966E-04  0.728355E-03
   0.395544E-02  0.212505E-03  0.602255E-05  0.246148E-04  0.736194E-03
   0.399891E-02  0.218567E-03  0.624657E-05  0.253068E-04  0.743613E-03
   0.404054E-02  0.224531E-03  0.646971E-05  0.259744E-04  0.750658E-03
   0.408060E-02  0.230420E-03  0.669289E-05  0.266198E-04  0.757369E-03
   0.411939E-02  0.236285E-03  0.691823E-05  0.272458E-04  0.763793E-03
   0.415692E-02  0.242094E-03  0.714388E-05  0.278524E-04  0.769943E-03
   0.419333E-02  0.247861E-03  0.737021E-05  0.284411E-04  0.775845E-03
   0.422876E-02  0.253597E-03  0.759752E-05  0.290132E-04  0.781522E-03
   0.426340E-02  0.259334E-03  0.782707E-05  0.295710E-04  0.787002E-03
   0.429741E-02  0.265097E-03  0.805988E-05  0.301162E-04  0.792308E-03
   0.433073E-02  0.270858E-03  0.829438E-05  0.306487E-04  0.797443E-03
   0.436346E-02  0.276625E-03  0.853070E-05  0.311695E-04  0.802423E-03
   0.439564E-02  0.282404E-03  0.876889E-05  0.316797E-04  0.807261E-03
   0.442744E-02  0.288226E-03  0.901034E-05  0.321813E-04  0.811976E-03
   0.445886E-02  0.294087E-03  0.925470E-05  0.326751E-04  0.816577E-03
   0.448984E-02  0.299961E-03  0.950052E-05  0.331607E-04  0.821066E-03
   0.452041E-02  0.305847E-03  0.974763E-05  0.336388E-04  0.825451E-03
   0.455057E-02  0.311743E-03  0.999588E-05  0.341100E-04  0.829739E-03
   0.458048E-02  0.317683E-03  0.102468E-04  0.345764E-04  0.833948E-03
   0.461007E-02  0.323643E-03  0.104992E-04  0.350375E-04  0.838078E-03
   0.463928E-02  0.329604E-03  0.107522E-04  0.354931E-04  0.842128E-03
   0.466814E-02  0.335565E-03  0.110055E-04  0.359436E-04  0.846103E-03
   0.469666E-02  0.341525E-03  0.112592E-04  0.363893E-04  0.850010E-03
   0.472498E-02  0.347521E-03  0.115151E-04  0.368324E-04  0.853864E-03
   0.475299E-02  0.353514E-03  0.117712E-04  0.372714E-04  0.857657E-03
   0.478067E-02  0.359499E-03  0.120274E-04  0.377064E-04  0.861391E-03
   0.480805E-02  0.365474E-03  0.122835E-04  0.381376E-04  0.865070E-03
   0.483513E-02  0.371441E-03  0.125396E-04  0.385654E-04  0.868697E-03
   0.486205E-02  0.377433E-03  0.127974E-04  0.389917E-04  0.872287E-03
   0.488868E-02  0.383411E-03  0.130549E-04  0.394147E-04  0.875829E-03
   0.491502E-02  0.389375E-03  0.133122E-04  0.398345E-04  0.879325E-03
   0.494110E-02  0.395323E-03  0.135692E-04  0.402515E-04  0.882778E-03
   0.496694E-02  0.401265E-03  0.138264E-04  0.406660E-04  0.886191E-03
   0.499261E-02  0.407217E-03  0.140846E-04  0.410794E-04  0.889575E-03
   0.501804E-02  0.413153E-03  0.143425E-04  0.414901E-04  0.892920E-03
   0.504321E-02  0.419071E-03  0.146002E-04  0.418983E-04  0.896228E-03
   0.506815E-02  0.424973E-03  0.148575E-04  0.423042E-04  0.899501E-03
   0.509291E-02  0.430871E-03  0.151152E-04  0.427085E-04  0.902744E-03
   0.511750E-02  0.436770E-03  0.153736E-04  0.431117E-04  0.905962E-03
   0.514187E-02  0.442652E-03  0.156316E-04  0.435128E-04  0.909147E-03
   0.516602E-02  0.448517E-03  0.158894E-04  0.439119E-04  0.912301E-03
   0.518997E-02  0.454365E-03  0.161470E-04  0.443090E-04  0.915426E-03
   0.521377E-02  0.460214E-03  0.164052E-04  0.447053E-04  0.918528E-03
   0.523741E-02  0.466056E-03  0.166637E-04  0.451006E-04  0.921607E-03
   0.526086E-02  0.471882E-03  0.169220E-04  0.454941E-04  0.924659E-03
   0.528411E-02  0.477693E-03  0.171801E-04  0.458858E-04  0.927684E-03
   0.530718E-02  0.483489E-03  0.174382E-04  0.462760E-04  0.930683E-03
   0.533014E-02  0.489287E-03  0.176970E-04  0.466660E-04  0.933666E-03
   0.535295E-02  0.495076E-03  0.179559E-04  0.470549E-04  0.936627E-03
   0.537558E-02  0.500850E-03  0.182148E-04  0.474423E-04  0.939565E-03
   0.539804E-02  0.506610E-03  0.184736E-04  0.478283E-04  0.942478E-03
   0.542033E-02  0.512358E-03  0.187324E-04  0.482129E-04  0.945369E-03
   0.544254E-02  0.518109E-03  0.189921E-04  0.485979E-04  0.948249E-03
   0.546459E-02  0.523848E-03  0.192518E-04  0.489817E-04  0.951107E-03
   0.548649E-02  0.529574E-03  0.195114E-04  0.493643E-04  0.953944E-03
   0.550822E-02  0.535286E-03  0.197709E-04  0.497456E-04  0.956761E-03
   0.552979E-02  0.540985E-03  0.200305E-04  0.501260E-04  0.959558E-03
   0.555126E-02  0.546682E-03  0.202905E-04  0.505067E-04  0.962345E-03
   0.557255E-02  0.552361E-03  0.205501E-04  0.508861E-04  0.965112E-03
   0.559366E-02  0.558023E-03  0.208094E-04  0.512642E-04  0.967860E-03
   0.561459E-02  0.563666E-03  0.210682E-04  0.516410E-04  0.970588E-03
   0.563536E-02  0.569293E-03  0.213267E-04  0.520169E-04  0.973302E-03
   0.565597E-02  0.574905E-03  0.215851E-04  0.523925E-04  0.976005E-03
   0.567639E-02  0.580496E-03  0.218427E-04  0.527666E-04  0.978690E-03
   0.569661E-02  0.586063E-03  0.220997E-04  0.531391E-04  0.981357E-03
   0.571664E-02  0.591607E-03  0.223559E-04  0.535099E-04  0.984007E-03
   0.573649E-02  0.597130E-03  0.226115E-04  0.538797E-04  0.986646E-03
   0.575616E-02  0.602630E-03  0.228664E-04  0.542485E-04  0.989273E-03
   0.577563E-02  0.608104E-03  0.231205E-04  0.546153E-04  0.991884E-03
   0.579489E-02  0.613551E-03  0.233737E-04  0.549801E-04  0.994479E-03
   0.581395E-02  0.618971E-03  0.236259E-04  0.553429E-04  0.997058E-03
   0.583282E-02  0.624365E-03  0.238773E-04  0.557045E-04  0.999629E-03
   0.585149E-02  0.629730E-03  0.241277E-04  0.560643E-04  0.100219E-02
   0.586995E-02  0.635059E-03  0.243766E-04  0.564218E-04  0.100473E-02
   0.588820E-02  0.640336E-03  0.246231E-04  0.567769E-04  0.100726E-02
   0.590623E-02  0.645535E-03  0.248654E-04  0.571297E-04  0.100978E-02
   0.592404E-02  0.650613E-03  0.251010E-04  0.574809E-04  0.101229E-02
   0.594163E-02  0.655559E-03  0.253292E-04  0.578296E-04  0.101478E-02
   0.595899E-02  0.660368E-03  0.255496E-04  0.581756E-04  0.101727E-02
   0.597614E-02  0.665036E-03  0.257618E-04  0.585189E-04  0.101974E-02
   0.599308E-02  0.669563E-03  0.259660E-04  0.588593E-04  0.102219E-02
   0.600983E-02  0.673920E-03  0.261605E-04  0.591978E-04  0.102465E-02
   0.602638E-02  0.678141E-03  0.263473E-04  0.595335E-04  0.102709E-02
   0.604275E-02  0.682231E-03  0.265266E-04  0.598662E-04  0.102952E-02
   0.605894E-02  0.686198E-03  0.266990E-04  0.601960E-04  0.103193E-02
   0.607497E-02  0.690042E-03  0.268645E-04  0.605232E-04  0.103434E-02
   0.609085E-02  0.693747E-03  0.270222E-04  0.608483E-04  0.103674E-02
   0.610657E-02  0.697348E-03  0.271742E-04  0.611706E-04  0.103913E-02
   0.612216E-02  0.700852E-03  0.273208E-04  0.614902E-04  0.104151E-02
   0.613761E-02  0.704266E-03  0.274625E-04  0.618071E-04  0.104388E-02
   0.615293E-02  0.707582E-03  0.275988E-04  0.621218E-04  0.104623E-02
   0.616814E-02  0.710796E-03  0.277296E-04  0.624345E-04  0.104859E-02
   0.618323E-02  0.713937E-03  0.278565E-04  0.627447E-04  0.105093E-02
   0.619821E-02  0.717009E-03  0.279797E-04  0.630526E-04  0.105326E-02
   0.621308E-02  0.720019E-03  0.280995E-04  0.633581E-04  0.105558E-02
   0.622786E-02  0.722949E-03  0.282151E-04  0.636619E-04  0.105790E-02
   0.624254E-02  0.725807E-03  0.283269E-04  0.639639E-04  0.106021E-02
   0.625713E-02  0.728614E-03  0.284360E-04  0.642638E-04  0.106250E-02
   0.627163E-02  0.731373E-03  0.285427E-04  0.645617E-04  0.106479E-02
   0.628605E-02  0.734088E-03  0.286471E-04  0.648576E-04  0.106707E-02
   0.630039E-02  0.736735E-03  0.287479E-04  0.651523E-04  0.106934E-02
   0.631465E-02  0.739332E-03  0.288461E-04  0.654453E-04  0.107161E-02
   0.632883E-02  0.741894E-03  0.289426E-04  0.657366E-04  0.107387E-02
