   0.00000100000  0.00000000000  0.00000000000  0.00000000000  0.00000000000
   0.16158759524  0.01537792784  0.00000421602  0.00005575862  0.00000024775
   0.27775213121  0.07074686324  0.00015095841  0.00261353859  0.00001817741
   0.35975525539  0.14324000848  0.00084522279  0.01882644027  0.00016939689
   0.42496709464  0.20319489644  0.00208128642  0.06083374576  0.00066909171
   0.47979514155  0.24367124006  0.00335718881  0.12956312722  0.00167709171
   0.52455470512  0.27043816604  0.00438657473  0.21920109586  0.00325931147
   0.55951924243  0.28889983209  0.00516472267  0.32415986380  0.00537902377
   0.58600218860  0.30201927574  0.00574977551  0.44018773416  0.00799995530
   0.60560001210  0.31142231111  0.00618763726  0.56409524895  0.01108855214
   0.61981687925  0.31812867937  0.00651118038  0.69338693758  0.01462734770
   0.62990739803  0.32284955476  0.00674570815  0.82612392263  0.01860678311
   0.63671614091  0.32608626812  0.00691122850  0.96104090390  0.02296771955
   0.64099589204  0.32820238270  0.00702342287  1.09707072541  0.02768568172
   0.64332907022  0.32946735905  0.00709449015  1.23341061105  0.03273876114
   0.64421548066  0.33008401023  0.00713386267  1.36938687412  0.03812704286
   0.64398678169  0.33021052326  0.00714887043  1.50455699700  0.04383342413
   0.64284531860  0.32995792903  0.00714514414  1.63867798630  0.04981855901
   0.64099699420  0.32940981484  0.00712696257  1.77150695073  0.05606740349
   0.63860000916  0.32863055199  0.00709759499  1.90286686003  0.06256618179
   0.63582315754  0.32767165473  0.00705955694  2.03255912362  0.06932492780
   0.63272579460  0.32657548978  0.00701483742  2.16053736512  0.07631983468
   0.62935577148  0.32536939356  0.00696496095  2.28678107754  0.08352749429
   0.62577288119  0.32407493139  0.00691108738  2.41124962042  0.09093813126
   0.62202388635  0.32270946987  0.00685411285  2.53391842130  0.09854272308
   0.61818456481  0.32128879410  0.00679474538  2.65471041897  0.10635684035
   0.61424368923  0.31982588656  0.00673357422  2.77368157423  0.11435232307
   0.61021734685  0.31832801180  0.00667104971  2.89085007522  0.12251671041
   0.60612589676  0.31680144712  0.00660751833  3.00622460260  0.13084326897
   0.60198568125  0.31525160312  0.00654325398  3.11981782049  0.13932566023
   0.59784054366  0.31368475771  0.00647848532  3.23158874436  0.14798230391
   0.59366354192  0.31210521611  0.00641341478  3.34161844502  0.15678179928
   0.58946491238  0.31051512614  0.00634819369  3.44992636866  0.16571886598
   0.58525300288  0.30891660845  0.00628293984  3.55653312790  0.17478848635
   0.58103853844  0.30731171459  0.00621774874  3.66145255025  0.18398963536
   0.57683816583  0.30570353001  0.00615270782  3.76468145260  0.19333085370
   0.57263722803  0.30409351660  0.00608789673  3.86627993634  0.20278985165
   0.56844064308  0.30248244659  0.00602337367  3.96627059547  0.21236251560
   0.56425248823  0.30087121384  0.00595918471  4.06467612649  0.22204490200
   0.56008068655  0.29926083793  0.00589536821  4.16150825076  0.23183963191
   0.55592945522  0.29765294946  0.00583196328  4.25678288890  0.24174777848
   0.55179236045  0.29604806171  0.00576900415  4.35054389937  0.25175382967
   0.54767205055  0.29444655123  0.00570651515  4.44281361608  0.26185444797
   0.54357074658  0.29284889168  0.00564451593  4.53361419343  0.27204640320
   0.53949363953  0.29125569558  0.00558302369  4.62295595815  0.28233479031
   0.53544019066  0.28966777872  0.00552205656  4.71086401999  0.29271505125
   0.53140863759  0.28808536527  0.00546162907  4.79737079212  0.30317677148
   0.52740048271  0.28650870665  0.00540175156  4.88249743487  0.31371713132
   0.52341697351  0.28493810927  0.00534243248  4.96626486005  0.32433339926
   0.51946021422  0.28337394134  0.00528367912  5.04868323848  0.33503231058
   0.51552924936  0.28181652116  0.00522549841  5.12978085493  0.34580524504
   0.51162439732  0.28026600209  0.00516789500  5.20958240525  0.35664573208
   0.50774647812  0.27872257656  0.00511087216  5.28810762670  0.36755138903
   0.50389615412  0.27718647245  0.00505443226  5.36537598237  0.37851990614
   0.50007217966  0.27565782560  0.00499857746  5.44139852039  0.38955906660
   0.49627581061  0.27413669534  0.00494330776  5.51620274917  0.40065745711
   0.49250773550  0.27262324119  0.00488862277  5.58980839058  0.41181162020
   0.48876835101  0.27111763594  0.00483452201  5.66223371335  0.42301953208
   0.48505770341  0.26962004959  0.00478100525  5.73349640253  0.43427981376
   0.48137186011  0.26813039386  0.00472807095  5.80361011165  0.44559906335
   0.47771510222  0.26664865291  0.00467571537  5.87259798480  0.45696582680
   0.47408761528  0.26517500543  0.00462393549  5.94047712400  0.46837832235
   0.47048953010  0.26370961122  0.00457272914  6.00726438441  0.47983481884
   0.46691935934  0.26225258910  0.00452209467  6.07297597405  0.49133562739
   0.46337360091  0.26080365063  0.00447202804  6.13762800253  0.50288331703
   0.45985737280  0.25936281739  0.00442252342  6.20123820226  0.51446965657
   0.45637065720  0.25793027518  0.00437357664  6.26382233142  0.52609311479
   0.45291340976  0.25650617402  0.00432518492  6.32539592400  0.53775220233
   0.44948213890  0.25509056719  0.00427734555  6.38597482133  0.54944842734
   0.44607547788  0.25368302450  0.00423005280  6.44557491712  0.56118136690
   0.44269825625  0.25228364573  0.00418329990  6.50421043641  0.57294531866
   0.43935032053  0.25089261833  0.00413708233  6.56189589560  0.58473896007
   0.43603151392  0.24951008192  0.00409139694  6.61864560518  0.59656100374
   0.43273606102  0.24813598862  0.00404624060  6.67447587072  0.60841375559
   0.42946583756  0.24676986045  0.00400160607  6.72940043454  0.62029465039
   0.42622462044  0.24541186759  0.00395748646  6.78343146591  0.63219994580
   0.42301216551  0.24406219428  0.00391387737  6.83658234054  0.64412849494
   0.41982823753  0.24272097416  0.00387077557  6.88886624506  0.65607918087
   0.41666463610  0.24138802121  0.00382817739  6.94030055578  0.66805478262
   0.41352717821  0.24006289878  0.00378607465  6.99089547943  0.68005129119
   0.41041806986  0.23874582585  0.00374446093  7.04066223626  0.69206645559
   0.40733700871  0.23743697971  0.00370333196  7.08961315660  0.70409927786
   0.40428370941  0.23613648708  0.00366268455  7.13776039632  0.71614878554
   0.40124749788  0.23484399313  0.00362251453  7.18512284320  0.72821796336
   0.39823854429  0.23355919172  0.00358281334  7.23170619268  0.74030192373
   0.39525717090  0.23228232132  0.00354357517  7.27752155717  0.75239949763
   0.39230305742  0.23101356015  0.00350479626  7.32258031620  0.76450978116
   0.38937451109  0.22975302412  0.00346647394  7.36689469204  0.77663229561
   0.38646264555  0.22850020473  0.00342860347  7.41048242186  0.78876870031
   0.38357796465  0.22725498147  0.00339117677  7.45334703346  0.80091493144
   0.38072009487  0.22601758885  0.00335418881  7.49549919592  0.81307015137
   0.37788869065  0.22478819403  0.00331763630  7.53694944428  0.82523354024
   0.37507985953  0.22356686301  0.00328151665  7.57771097960  0.83740510845
   0.37228888490  0.22235299392  0.00324582417  7.61779815130  0.84958505903
   0.36952425146  0.22114660858  0.00321055128  7.65721433937  0.86177060053
   0.36678555935  0.21994792299  0.00317569332  7.69596941992  0.87396099222
   0.36407244039  0.21875708853  0.00314124716  7.73407314213  0.88615551138
   0.36137878902  0.21757408255  0.00310721014  7.77154002295  0.89835443979
   0.35870424098  0.21639828843  0.00307357566  7.80838029305  0.91055706146
   0.35605510154  0.21522983069  0.00304033686  7.84459775967  0.92276154592
   0.35343095986  0.21406890669  0.00300748948  7.88020155861  0.93496724516
   0.35083144007  0.21291565236  0.00297503055  7.91520070656  0.94717352741
   0.34824826076  0.21176993397  0.00294295727  7.94961127552  0.95938075285
   0.34568545991  0.21063119227  0.00291126252  7.98343887349  0.97158772741
   0.34314709056  0.20949961718  0.00287994017  8.01668817472  0.98379330979
   0.34063273249  0.20837538574  0.00284898640  8.04936762861  0.99599694793
   0.33814199494  0.20725861693  0.00281839838  8.08148557208  1.00819811247
   0.33566447458  0.20614903683  0.00278817282  8.11305979308  1.02039711088
   0.33320856739  0.20504620633  0.00275830235  8.14409093995  1.03259264466
   0.33077607423  0.20395034269  0.00272878158  8.17458487970  1.04478402670
   0.32836659566  0.20286161003  0.00269960720  8.20454942186  1.05697076931
   0.32597976537  0.20178012356  0.00267077670  8.23399227318  1.06915239475
   0.32360317638  0.20070546483  0.00264228662  8.26293305350  1.08132897786
   0.32124948195  0.19963737875  0.00261412996  8.29136727314  1.09349937909
   0.31891825297  0.19857607966  0.00258630215  8.31930225393  1.10566315915
   0.31660909842  0.19752171863  0.00255880028  8.34674522931  1.11781989014
   0.31431947277  0.19647438159  0.00253162213  8.37370550612  1.12996919054
   0.31204160807  0.19543353835  0.00250476359  8.40019810094  1.14211070790
   0.30978568365  0.19439910212  0.00247821821  8.42621980625  1.15424383240
   0.30755128267  0.19337126793  0.00245198199  8.45177740608  1.16636818265
   0.30533802527  0.19235017264  0.00242605228  8.47687760195  1.17848338722
   0.30314127262  0.19133584528  0.00240042706  8.50153141976  1.19058902530
   0.30095776819  0.19032771737  0.00237510163  8.52574906699  1.20268461851
   0.29879526853  0.18932582566  0.00235007024  8.54952884031  1.21476989784
   0.29665337149  0.18833034807  0.00232532941  8.57287702803  1.22684453252
   0.29453171057  0.18734140870  0.00230087678  8.59579984199  1.23890820062
   0.29242365378  0.18635895699  0.00227671030  8.61831010036  1.25096032890
   0.29033028543  0.18538244972  0.00225282495  8.64041309418  1.26300056459
   0.28825701255  0.18441200789  0.00222921570  8.66210878528  1.27502882078
   0.28620345068  0.18344779202  0.00220587949  8.68340300533  1.28704481146
   0.28416924655  0.18248991580  0.00218281423  8.70430151464  1.29904825827
   0.28214588325  0.18153822854  0.00216001783  8.72481896448  1.31103834200
   0.28013858723  0.18059226877  0.00213748502  8.74495569757  1.32301504363
   0.27815050993  0.17965220255  0.00211521150  8.76471345241  1.33497832476
