  164   82  161
 0.10057226E-02  13.28
      0.000      0.000      0.000
      0.000      0.000      0.000
      0.000      0.000      0.000
    512.908      6.405      0.000
    677.793     12.444      0.000
    758.891     19.427      0.000
    833.056     28.139      0.000
    901.685     38.632      0.000
    965.726     50.949      0.000
    939.852     59.514      0.000
    956.745     71.749      0.000
   1015.911     88.647      0.000
    607.007     59.085      0.000
    218.912     22.429      0.000
    209.226     21.991      0.000
    200.569     21.590      0.000
    192.777     21.220      0.000
    185.713     20.877      0.000
    179.275     20.557      0.000
    173.376     20.258      0.000
    167.948     19.978      0.000
    162.930     19.714      0.000
    158.276     19.464      0.000
    153.945     12.625      0.001
    149.893      0.000      0.014
    146.088      0.000      0.027
    142.507      0.000      0.038
    139.131      0.000      0.049
    135.942      0.000      0.059
    132.925      0.000      0.068
    130.064      0.000      0.077
    127.348      0.000      0.084
    124.767      0.000      0.091
    122.309      0.000      0.098
    119.965      0.000      0.104
    117.728      0.000      0.110
    115.590      0.000      0.115
    113.544      0.000      0.120
    111.584      0.000      0.125
    109.704      0.000      0.129
    107.900      0.000      0.133
    106.168      0.000      0.136
    104.501      0.000      0.140
    102.896      0.000      0.143
    101.350      0.000      0.146
     99.861      0.000      0.149
     98.424      0.000      0.152
     97.035      0.000      0.154
     95.695      0.000      0.157
     94.398      0.000      0.159
     93.144      0.000      0.161
     91.930      0.000      0.163
     90.752      0.000      0.165
     89.613      0.000      0.167
     88.508      0.000      0.168
     87.435      0.000      0.170
     86.392      0.000      0.171
     85.381      0.000      0.173
     84.399      0.000      0.174
     83.442      0.000      0.175
     82.512      0.000      0.177
     81.607      0.000      0.178
     80.726      0.000      0.179
     79.869      0.000      0.180
     79.032      0.000      0.181
     78.218      0.000      0.181
     77.422      0.000      0.182
     76.647      0.000      0.183
     75.891      0.000      0.184
     75.154      0.000      0.185
     74.432      0.000      0.185
     73.726      0.000      0.186
     73.040      0.000      0.186
     72.366      0.000      0.187
     71.709      0.000      0.187
     71.066      0.000      0.188
     70.436      0.000      0.188
     69.821      0.000      0.189
     69.217      0.000      0.189
     68.628      0.000      0.190
     68.049      0.000      0.190
     67.483      0.000      0.190
     66.929      0.000      0.191
     66.385      0.000      0.191
     65.852      0.000      0.191
     65.328      0.000      0.191
     64.816      0.000      0.192
     64.313      0.000      0.192
     63.819      0.000      0.192
     63.336      0.000      0.192
     62.860      0.000      0.192
     62.394      0.000      0.193
     61.935      0.000      0.193
     61.484      0.000      0.193
     61.044      0.000      0.193
     60.607      0.000      0.193
     60.180      0.000      0.193
     59.761      0.000      0.193
     59.350      0.000      0.193
     58.942      0.000      0.193
     58.543      0.000      0.194
     58.151      0.000      0.194
     57.765      0.000      0.194
     57.386      0.000      0.194
     57.011      0.000      0.194
     56.643      0.000      0.194
     56.281      0.000      0.194
     55.924      0.000      0.194
     55.572      0.000      0.194
     55.228      0.000      0.194
     54.887      0.000      0.194
     54.551      0.000      0.194
     54.221      0.000      0.194
     53.897      0.000      0.194
     53.574      0.000      0.194
     53.258      0.000      0.193
     52.946      0.000      0.193
     52.639      0.000      0.193
     52.337      0.000      0.193
     52.037      0.000      0.193
     51.743      0.000      0.193
     51.452      0.000      0.193
     51.167      0.000      0.193
     50.884      0.000      0.193
     50.603      0.000      0.193
     50.329      0.000      0.193
     50.059      0.000      0.193
     49.789      0.000      0.193
     49.525      0.000      0.192
     49.264      0.000      0.192
     49.007      0.000      0.192
     48.750      0.000      0.192
     48.501      0.000      0.192
     48.252      0.000      0.192
     48.006      0.000      0.192
     47.766      0.000      0.192
     47.525      0.000      0.192
     47.289      0.000      0.191
     47.058      0.000      0.191
     46.824      0.000      0.191
     46.599      0.000      0.191
     46.374      0.000      0.191
     46.150      0.000      0.191
     45.930      0.000      0.191
     45.713      0.000      0.191
     45.499      0.000      0.190
     45.286      0.000      0.190
     45.077      0.000      0.190
     44.869      0.000      0.190
     44.662      0.000      0.190
     44.461      0.000      0.190
     44.259      0.000      0.190
     44.060      0.000      0.189
     43.866      0.000      0.189
     43.670      0.000      0.189
     43.477      0.000      0.189
     43.287      0.000      0.189
     43.100      0.000      0.189
     42.912      0.000      0.189
     42.729      0.000      0.188
     42.548      0.000      0.188
     42.367      0.000      0.188
     42.188      0.000      0.188
     42.012      0.000      0.188
      0.000      0.000      0.000
      0.000      0.000      0.000
   2973.334      0.000     14.876
   2350.076      0.000     13.900
   2061.042      0.000     13.090
   1930.897      0.000     12.427
   1716.513      0.000     11.876
   1550.334      0.000     11.411
   1417.077      0.000     11.012
   1307.495      0.000     10.664
   1215.590      0.000     10.358
   1137.273      0.000     10.085
   1069.647      0.000      9.841
   1010.594      0.000      9.620
    958.530      0.000      9.420
    912.241      0.000      9.236
    870.790      0.000      9.068
    833.433      0.000      8.912
    799.568      0.000      8.768
    768.705      0.000      8.634
    740.460      0.000      8.509
    714.491      0.000      8.392
    690.530      0.000      8.282
    668.341      0.000      8.179
    647.727      0.000      8.082
    628.521      0.000      7.990
    610.581      0.000      7.903
    593.768      0.000      7.820
    577.992      0.000      7.742
    563.142      0.000      7.667
    549.147      0.000      7.597
    535.836      0.000      7.385
    523.106      0.000      6.924
    511.063      0.000      6.500
    499.655      0.000      6.114
    488.830      0.000      5.761
    478.549      0.000      5.438
    468.756      0.000      5.140
    459.423      0.000      4.866
    450.519      0.000      4.613
    441.998      0.000      4.379
    433.856      0.000      4.163
    426.053      0.000      3.961
    418.567      0.000      3.774
    411.383      0.000      3.600
    404.475      0.000      3.437
    397.834      0.000      3.285
    391.445      0.000      3.143
    385.282      0.000      3.010
    379.336      0.000      2.885
    373.609      0.000      2.767
    368.073      0.000      2.657
    362.718      0.000      2.552
    357.546      0.000      2.454
    352.538      0.000      2.362
    347.685      0.000      2.274
    342.985      0.000      2.191
    338.432      0.000      2.113
    334.010      0.000      2.038
    329.721      0.000      1.968
    325.550      0.000      1.901
    321.512      0.000      1.837
    317.568      0.000      1.776
    313.744      0.000      1.719
    310.025      0.000      1.664
    306.398      0.000      1.611
    302.870      0.000      1.561
    299.431      0.000      1.514
    296.077      0.000      1.468
    292.813      0.000      1.425
    289.630      0.000      1.383
    286.513      0.000      1.343
    283.488      0.000      1.305
    280.517      0.000      1.268
    277.629      0.000      1.233
    274.799      0.000      1.199
    272.036      0.000      1.167
    269.334      0.000      1.136
    266.689      0.000      1.106
    264.112      0.000      1.077
    261.581      0.000      1.050
    259.106      0.000      1.023
    256.677      0.000      0.997
    254.312      0.000      0.973
    251.986      0.000      0.949
    249.708      0.000      0.926
    247.477      0.000      0.904
    245.286      0.000      0.883
    243.146      0.000      0.862
    241.045      0.000      0.842
    238.979      0.000      0.823
    236.950      0.000      0.804
    234.968      0.000      0.786
    233.013      0.000      0.769
    231.102      0.000      0.752
    229.229      0.000      0.736
    227.375      0.000      0.720
    225.566      0.000      0.705
    223.780      0.000      0.690
    222.032      0.000      0.676
    220.313      0.000      0.662
    218.621      0.000      0.648
    216.958      0.000      0.635
    215.320      0.000      0.623
    213.717      0.000      0.610
    212.132      0.000      0.598
    210.576      0.000      0.587
    209.044      0.000      0.576
    207.537      0.000      0.565
    206.056      0.000      0.554
    204.594      0.000      0.544
    203.157      0.000      0.533
    201.741      0.000      0.524
    200.347      0.000      0.514
    198.973      0.000      0.505
    197.623      0.000      0.496
    196.290      0.000      0.487
    194.975      0.000      0.478
    193.684      0.000      0.470
    192.404      0.000      0.462
    191.148      0.000      0.454
    189.910      0.000      0.446
    188.690      0.000      0.439
    187.485      0.000      0.431
    186.294      0.000      0.424
    185.124      0.000      0.417
    183.967      0.000      0.410
    182.830      0.000      0.404
    181.699      0.000      0.397
    180.595      0.000      0.391
    179.497      0.000      0.385
    178.415      0.000      0.379
    177.348      0.000      0.373
    176.298      0.000      0.367
    175.256      0.000      0.361
    174.228      0.000      0.356
    173.217      0.000      0.350
    172.216      0.000      0.345
    171.226      0.000      0.340
    170.250      0.000      0.335
    169.290      0.000      0.330
    168.332      0.000      0.325
    167.391      0.000      0.320
    166.462      0.000      0.316
    165.546      0.000      0.311
    164.634      0.000      0.307
    163.740      0.000      0.303
    162.851      0.000      0.298
    161.980      0.000      0.294
    161.106      0.000      0.290
    160.256      0.000      0.286
    159.407      0.000      0.282
    158.569      0.000      0.278
    157.742      0.000      0.275
    156.922      0.000      0.271
    156.114      0.000      0.267
    155.314      0.000      0.264
    154.521      0.000      0.260
    153.741      0.000      0.257
    152.965      0.000      0.254
    152.197      0.000      0.250
