   0.770000E+00  0.700000E-04  0.100000E-04  0.230000E+00  0.100000E-09
   0.769965E+00  0.699859E-04  0.100091E-04  0.230018E+00  0.125119E-05
   0.769925E+00  0.699626E-04  0.100288E-04  0.230039E+00  0.267484E-05
   0.769885E+00  0.699347E-04  0.100563E-04  0.230060E+00  0.420513E-05
   0.769844E+00  0.699041E-04  0.100889E-04  0.230081E+00  0.581838E-05
   0.769802E+00  0.698710E-04  0.101270E-04  0.230103E+00  0.751035E-05
   0.769760E+00  0.698356E-04  0.101710E-04  0.230126E+00  0.927654E-05
   0.769718E+00  0.697985E-04  0.102195E-04  0.230148E+00  0.110969E-04
   0.769675E+00  0.697598E-04  0.102724E-04  0.230171E+00  0.129627E-04
   0.769632E+00  0.697197E-04  0.103292E-04  0.230194E+00  0.148672E-04
   0.769589E+00  0.696784E-04  0.103899E-04  0.230217E+00  0.168057E-04
   0.769546E+00  0.696359E-04  0.104542E-04  0.230240E+00  0.187746E-04
   0.769503E+00  0.695923E-04  0.105218E-04  0.230263E+00  0.207666E-04
   0.769459E+00  0.695479E-04  0.105927E-04  0.230286E+00  0.227782E-04
   0.769416E+00  0.695026E-04  0.106670E-04  0.230310E+00  0.248064E-04
   0.769372E+00  0.694565E-04  0.107450E-04  0.230333E+00  0.268493E-04
   0.769328E+00  0.694097E-04  0.108268E-04  0.230356E+00  0.289042E-04
   0.769285E+00  0.693621E-04  0.109121E-04  0.230380E+00  0.309681E-04
   0.769241E+00  0.693140E-04  0.110010E-04  0.230403E+00  0.330392E-04
   0.769197E+00  0.692653E-04  0.110935E-04  0.230427E+00  0.351160E-04
   0.769153E+00  0.692160E-04  0.111898E-04  0.230450E+00  0.371975E-04
   0.769110E+00  0.691661E-04  0.112897E-04  0.230474E+00  0.392825E-04
   0.769066E+00  0.691159E-04  0.113931E-04  0.230497E+00  0.413703E-04
   0.769022E+00  0.690651E-04  0.114999E-04  0.230521E+00  0.434599E-04
   0.768978E+00  0.690140E-04  0.116102E-04  0.230544E+00  0.455508E-04
   0.768935E+00  0.689624E-04  0.117241E-04  0.230567E+00  0.476418E-04
   0.768891E+00  0.689105E-04  0.118413E-04  0.230591E+00  0.497326E-04
   0.768847E+00  0.688582E-04  0.119619E-04  0.230614E+00  0.518223E-04
   0.768803E+00  0.688056E-04  0.120857E-04  0.230638E+00  0.539097E-04
   0.768760E+00  0.687527E-04  0.122127E-04  0.230661E+00  0.559939E-04
   0.768716E+00  0.686995E-04  0.123431E-04  0.230685E+00  0.580725E-04
   0.768672E+00  0.686460E-04  0.124766E-04  0.230709E+00  0.601458E-04
   0.768628E+00  0.685922E-04  0.126131E-04  0.230732E+00  0.622128E-04
   0.768584E+00  0.685383E-04  0.127527E-04  0.230756E+00  0.642728E-04
   0.768539E+00  0.684841E-04  0.128952E-04  0.230780E+00  0.663248E-04
   0.768495E+00  0.684297E-04  0.130409E-04  0.230804E+00  0.683667E-04
   0.768451E+00  0.683751E-04  0.131894E-04  0.230829E+00  0.703994E-04
   0.768406E+00  0.683203E-04  0.133407E-04  0.230853E+00  0.724222E-04
   0.768362E+00  0.682653E-04  0.134949E-04  0.230877E+00  0.744346E-04
   0.768317E+00  0.682101E-04  0.136518E-04  0.230902E+00  0.764352E-04
   0.768272E+00  0.681549E-04  0.138116E-04  0.230927E+00  0.784231E-04
   0.768228E+00  0.680994E-04  0.139741E-04  0.230952E+00  0.803998E-04
   0.768183E+00  0.680438E-04  0.141392E-04  0.230977E+00  0.823652E-04
   0.768137E+00  0.679881E-04  0.143069E-04  0.231002E+00  0.843192E-04
   0.768092E+00  0.679323E-04  0.144773E-04  0.231028E+00  0.862606E-04
   0.768047E+00  0.678764E-04  0.146503E-04  0.231053E+00  0.881894E-04
   0.768002E+00  0.678203E-04  0.148259E-04  0.231079E+00  0.901068E-04
   0.767956E+00  0.677641E-04  0.150039E-04  0.231104E+00  0.920126E-04
   0.767911E+00  0.677079E-04  0.151844E-04  0.231130E+00  0.939069E-04
   0.767865E+00  0.676516E-04  0.153674E-04  0.231156E+00  0.957880E-04
   0.767819E+00  0.675951E-04  0.155528E-04  0.231183E+00  0.976569E-04
   0.767774E+00  0.675387E-04  0.157406E-04  0.231209E+00  0.995143E-04
   0.767728E+00  0.674821E-04  0.159308E-04  0.231235E+00  0.101360E-03
   0.767682E+00  0.674254E-04  0.161234E-04  0.231262E+00  0.103194E-03
   0.767636E+00  0.673688E-04  0.163182E-04  0.231289E+00  0.105015E-03
   0.767590E+00  0.673120E-04  0.165154E-04  0.231315E+00  0.106824E-03
   0.767544E+00  0.672552E-04  0.167148E-04  0.231342E+00  0.108621E-03
   0.767498E+00  0.671983E-04  0.169165E-04  0.231369E+00  0.110407E-03
   0.767452E+00  0.671414E-04  0.171204E-04  0.231396E+00  0.112181E-03
   0.767406E+00  0.670845E-04  0.173264E-04  0.231424E+00  0.113942E-03
   0.767360E+00  0.670276E-04  0.175347E-04  0.231451E+00  0.115692E-03
   0.767314E+00  0.669705E-04  0.177451E-04  0.231478E+00  0.117430E-03
   0.767267E+00  0.669135E-04  0.179576E-04  0.231506E+00  0.119158E-03
   0.767221E+00  0.668564E-04  0.181723E-04  0.231534E+00  0.120874E-03
   0.767175E+00  0.667993E-04  0.183890E-04  0.231562E+00  0.122577E-03
   0.767128E+00  0.667422E-04  0.186077E-04  0.231589E+00  0.124269E-03
   0.767082E+00  0.666851E-04  0.188286E-04  0.231617E+00  0.125951E-03
   0.767035E+00  0.666280E-04  0.190514E-04  0.231646E+00  0.127622E-03
   0.766989E+00  0.665708E-04  0.192763E-04  0.231674E+00  0.129281E-03
   0.766942E+00  0.665136E-04  0.195031E-04  0.231702E+00  0.130928E-03
   0.766896E+00  0.664565E-04  0.197319E-04  0.231730E+00  0.132565E-03
   0.766849E+00  0.663993E-04  0.199627E-04  0.231759E+00  0.134191E-03
   0.766802E+00  0.663421E-04  0.201955E-04  0.231788E+00  0.135807E-03
   0.766756E+00  0.662849E-04  0.204301E-04  0.231816E+00  0.137411E-03
   0.766709E+00  0.662277E-04  0.206665E-04  0.231845E+00  0.139004E-03
   0.766662E+00  0.661706E-04  0.209049E-04  0.231874E+00  0.140586E-03
   0.766616E+00  0.661134E-04  0.211452E-04  0.231903E+00  0.142159E-03
   0.766569E+00  0.660562E-04  0.213874E-04  0.231932E+00  0.143721E-03
   0.766522E+00  0.659990E-04  0.216313E-04  0.231961E+00  0.145272E-03
   0.766475E+00  0.659419E-04  0.218770E-04  0.231991E+00  0.146812E-03
   0.766428E+00  0.658847E-04  0.221246E-04  0.232020E+00  0.148342E-03
   0.766381E+00  0.658276E-04  0.223740E-04  0.232050E+00  0.149863E-03
   0.766334E+00  0.657704E-04  0.226252E-04  0.232079E+00  0.151373E-03
   0.766287E+00  0.657133E-04  0.228780E-04  0.232109E+00  0.152873E-03
   0.766241E+00  0.656562E-04  0.231326E-04  0.232139E+00  0.154362E-03
   0.766194E+00  0.655991E-04  0.233891E-04  0.232169E+00  0.155842E-03
   0.766147E+00  0.655421E-04  0.236473E-04  0.232198E+00  0.157312E-03
   0.766100E+00  0.654850E-04  0.239072E-04  0.232228E+00  0.158772E-03
   0.766053E+00  0.654280E-04  0.241687E-04  0.232258E+00  0.160222E-03
   0.766006E+00  0.653710E-04  0.244320E-04  0.232289E+00  0.161662E-03
   0.765959E+00  0.653140E-04  0.246971E-04  0.232319E+00  0.163092E-03
   0.765912E+00  0.652570E-04  0.249639E-04  0.232349E+00  0.164514E-03
   0.765865E+00  0.652000E-04  0.252323E-04  0.232379E+00  0.165925E-03
   0.765818E+00  0.651431E-04  0.255023E-04  0.232409E+00  0.167327E-03
   0.765772E+00  0.650861E-04  0.257741E-04  0.232440E+00  0.168719E-03
   0.765725E+00  0.650292E-04  0.260475E-04  0.232470E+00  0.170102E-03
   0.765678E+00  0.649723E-04  0.263227E-04  0.232500E+00  0.171476E-03
   0.765632E+00  0.649154E-04  0.265995E-04  0.232531E+00  0.172841E-03
   0.765585E+00  0.648586E-04  0.268778E-04  0.232561E+00  0.174196E-03
   0.765539E+00  0.648018E-04  0.271578E-04  0.232592E+00  0.175542E-03
   0.765492E+00  0.647450E-04  0.274395E-04  0.232622E+00  0.176879E-03
   0.765446E+00  0.646882E-04  0.277229E-04  0.232653E+00  0.178208E-03
   0.765400E+00  0.646314E-04  0.280078E-04  0.232683E+00  0.179527E-03
   0.765354E+00  0.645747E-04  0.282942E-04  0.232713E+00  0.180837E-03
   0.765308E+00  0.645180E-04  0.285824E-04  0.232744E+00  0.182138E-03
   0.765262E+00  0.644613E-04  0.288721E-04  0.232774E+00  0.183431E-03
   0.765216E+00  0.644046E-04  0.291636E-04  0.232805E+00  0.184716E-03
   0.765170E+00  0.643480E-04  0.294565E-04  0.232835E+00  0.185990E-03
   0.765125E+00  0.642913E-04  0.297509E-04  0.232865E+00  0.187257E-03
   0.765079E+00  0.642347E-04  0.300470E-04  0.232896E+00  0.188515E-03
   0.765034E+00  0.641781E-04  0.303448E-04  0.232926E+00  0.189765E-03
   0.764989E+00  0.641215E-04  0.306441E-04  0.232956E+00  0.191007E-03
   0.764944E+00  0.640650E-04  0.309449E-04  0.232986E+00  0.192239E-03
   0.764899E+00  0.640085E-04  0.312472E-04  0.233016E+00  0.193463E-03
   0.764854E+00  0.639520E-04  0.315512E-04  0.233047E+00  0.194679E-03
   0.764809E+00  0.638955E-04  0.318568E-04  0.233077E+00  0.195888E-03
   0.764765E+00  0.638391E-04  0.321639E-04  0.233107E+00  0.197088E-03
   0.764721E+00  0.637826E-04  0.324724E-04  0.233137E+00  0.198279E-03
   0.764676E+00  0.637262E-04  0.327826E-04  0.233166E+00  0.199463E-03
   0.764632E+00  0.636698E-04  0.330943E-04  0.233196E+00  0.200638E-03
   0.764588E+00  0.636134E-04  0.334076E-04  0.233226E+00  0.201806E-03
   0.764545E+00  0.635571E-04  0.337224E-04  0.233256E+00  0.202966E-03
   0.764501E+00  0.635008E-04  0.340386E-04  0.233285E+00  0.204118E-03
   0.764458E+00  0.634445E-04  0.343564E-04  0.233315E+00  0.205262E-03
   0.764415E+00  0.633882E-04  0.346758E-04  0.233344E+00  0.206399E-03
   0.764371E+00  0.633319E-04  0.349968E-04  0.233373E+00  0.207528E-03
   0.764329E+00  0.632756E-04  0.353192E-04  0.233403E+00  0.208649E-03
   0.764286E+00  0.632194E-04  0.356431E-04  0.233432E+00  0.209762E-03
   0.764244E+00  0.631632E-04  0.359685E-04  0.233461E+00  0.210868E-03
   0.764201E+00  0.631070E-04  0.362955E-04  0.233489E+00  0.211967E-03
   0.764159E+00  0.630507E-04  0.366241E-04  0.233518E+00  0.213058E-03
   0.764117E+00  0.629946E-04  0.369540E-04  0.233547E+00  0.214141E-03
   0.764076E+00  0.629384E-04  0.372854E-04  0.233575E+00  0.215217E-03
   0.764034E+00  0.628823E-04  0.376184E-04  0.233604E+00  0.216286E-03
