  15.00000000000  0.00000000000  0.00000000000  0.00000000000  0.00000000000
  14.76439559906  0.00000000000  0.00236588141  0.05570340924  0.00051036481
  14.53488559727  0.00000000000  0.00260499661  0.10981387843  0.00141485883
  14.31034132817  0.00000000000  0.00254477471  0.16174177351  0.00253679978
  14.09026199800  0.00000000000  0.00248627012  0.21172260376  0.00378401315
  13.87448905000  0.00000000000  0.00242937431  0.25987109523  0.00514769111
  13.66289729976  0.00000000000  0.00237401462  0.30626127557  0.00662855683
  13.45528204071  0.00000000000  0.00232012391  0.35107681054  0.00819934006
  13.25151648708  0.00000000000  0.00226764452  0.39440560399  0.00985233510
  13.05148587828  0.00000000000  0.00221652490  0.43632392468  0.01158091057
  12.85509273430  0.00000000000  0.00216671793  0.47688781866  0.01338270483
  12.66224628576  0.00000000000  0.00211818107  0.51614661701  0.01525654949
  12.47283474164  0.00000000000  0.00207087261  0.55418414793  0.01718897684
  12.28677292607  0.00000000000  0.00202475345  0.59104963508  0.01917558068
  12.10398001420  0.00000000000  0.00197978667  0.62678864180  0.02121226571
  11.92438516838  0.00000000000  0.00193593747  0.66143334413  0.02329927947
  11.74791317301  0.00000000000  0.00189317304  0.69502499599  0.02543306145
  11.57448574470  0.00000000000  0.00185146115  0.72761300146  0.02760585560
  11.40403518556  0.00000000000  0.00181077106  0.75923205522  0.02981486233
  11.23649617663  0.00000000000  0.00177107333  0.78991500331  0.03205754876
  11.07180951162  0.00000000000  0.00173233981  0.81968504502  0.03433568291
  10.90991087119  0.00000000000  0.00169454349  0.84857738050  0.03664488322
  10.75073890509  0.00000000000  0.00165765798  0.87662479122  0.03898094789
  10.59423658710  0.00000000000  0.00162165795  0.90385401114  0.04134209217
  10.44034861534  0.00000000000  0.00158651904  0.93029061370  0.04372663845
  10.28902276088  0.00000000000  0.00155221777  0.95595379426  0.04613686347
  10.14020476453  0.00000000000  0.00151873140  0.98087259744  0.04856785931
   9.99384362201  0.00000000000  0.00148603791  1.00507075073  0.05101739536
   9.84989010176  0.00000000000  0.00145411598  1.02856985782  0.05348419066
   9.70829631330  0.00000000000  0.00142294509  1.05139068879  0.05596703374
   9.56901462323  0.00000000000  0.00139250527  1.07355071753  0.05846831900
   9.43199998757  0.00000000000  0.00136277722  1.09507272305  0.06098309506
   9.29720829058  0.00000000000  0.00133374226  1.11597514838  0.06351035193
   9.16459653955  0.00000000000  0.00130538232  1.13627578112  0.06604913159
   9.03412236730  0.00000000000  0.00127767988  1.15599174963  0.06859901582
   8.90574295922  0.00000000000  0.00125061783  1.17513992294  0.07116079005
   8.77942039282  0.00000000000  0.00122417969  1.19373676362  0.07373123451
   8.65511580751  0.00000000000  0.00119834950  1.21179768774  0.07630958084
   8.53279127072  0.00000000000  0.00117311177  1.22933760546  0.07889509680
   8.41240841398  0.00000000000  0.00114845143  1.24637154780  0.08148781144
   8.29392978603  0.00000000000  0.00112435373  1.26291432928  0.08408749562
   8.17732246192  0.00000000000  0.00110080454  1.27897849307  0.08669208512
   8.06255198203  0.00000000000  0.00107779011  1.29457709027  0.08930095661
   7.94958466995  0.00000000000  0.00105529707  1.30972276552  0.09191351664
   7.83838520880  0.00000000000  0.00103331244  1.32442939559  0.09452997591
   7.72892154845  0.00000000000  0.00101182341  1.33870895530  0.09714957565
   7.62116432190  0.00000000000  0.00099081776  1.35257158712  0.09977107770
   7.51508276958  0.00000000000  0.00097028363  1.36602843944  0.10239400024
   7.41064680326  0.00000000000  0.00095020943  1.37909032834  0.10501788441
   7.30782347954  0.00000000000  0.00093058385  1.39177056199  0.10764299088
   7.20658596326  0.00000000000  0.00091139577  1.40407789752  0.11026837455
   7.10690753026  0.00000000000  0.00089263461  1.41602107176  0.11289333163
   7.00876060908  0.00000000000  0.00087429004  1.42760966955  0.11551748875
   6.91211820931  0.00000000000  0.00085635201  1.43885300207  0.11814048926
   6.81694931425  0.00000000000  0.00083881059  1.44976417653  0.12076252891
   6.72323200205  0.00000000000  0.00082165616  1.46034860893  0.12338271286
   6.63094156132  0.00000000000  0.00080487948  1.47061428997  0.12600065898
   6.54005319277  0.00000000000  0.00078847156  1.48056950436  0.12861607693
   6.45054229497  0.00000000000  0.00077242362  1.49022259643  0.13122871044
   6.36238039736  0.00000000000  0.00075672693  1.49958582648  0.13383854930
   6.27554918477  0.00000000000  0.00074137314  1.50866218316  0.13644497683
   6.19002582854  0.00000000000  0.00072635419  1.51745905623  0.13904775849
   6.10578795934  0.00000000000  0.00071166220  1.52598363466  0.14164667009
   6.02281240689  0.00000000000  0.00069728947  1.53424414130  0.14424151779
   5.94107489307  0.00000000000  0.00068322835  1.54225018451  0.14683209493
   5.86055843686  0.00000000000  0.00066947154  1.55000440178  0.14941811739
   5.78124240371  0.00000000000  0.00065601199  1.55751322434  0.15199940474
   5.70310656608  0.00000000000  0.00064284279  1.56478291069  0.15457578541
   5.62612893350  0.00000000000  0.00062995717  1.57182176544  0.15714704358
   5.55028916936  0.00000000000  0.00061734840  1.57863668601  0.15971295703
   5.47557131023  0.00000000000  0.00060501009  1.58523028496  0.16227343776
   5.40195666274  0.00000000000  0.00059293607  1.59160817631  0.16482834802
   5.32942689488  0.00000000000  0.00058112026  1.59777582562  0.16737755753
   5.25796101283  0.00000000000  0.00056955668  1.60374174569  0.16992076825
   5.18754233454  0.00000000000  0.00055823941  1.60951016065  0.17245787639
   5.11815568575  0.00000000000  0.00054716288  1.61508388033  0.17498888483
   5.04978409808  0.00000000000  0.00053632161  1.62046781753  0.17751369014
   4.98241092495  0.00000000000  0.00052571028  1.62566675612  0.18003219547
   4.91601603490  0.00000000000  0.00051532358  1.63068949026  0.18254397815
   4.85058609474  0.00000000000  0.00050515632  1.63553768053  0.18504914615
   4.78610655823  0.00000000000  0.00049520360  1.64021447237  0.18754771731
   4.72256200170  0.00000000000  0.00048546059  1.64472417302  0.19003960985
   4.65993730387  0.00000000000  0.00047592260  1.64907097928  0.19252473137
   4.59821313191  0.00000000000  0.00046658490  1.65326400174  0.19500246936
   4.53737921759  0.00000000000  0.00045744296  1.65730248518  0.19747318851
   4.47742154799  0.00000000000  0.00044849246  1.66118999668  0.19993684068
   4.41832608837  0.00000000000  0.00043972913  1.66493032029  0.20239335102
   4.36007851902  0.00000000000  0.00043114881  1.66852776060  0.20484257476
   4.30266183328  0.00000000000  0.00042274732  1.67198990434  0.20728393913
   4.24606685174  0.00000000000  0.00041452067  1.67531560391  0.20971793589
   4.19028053089  0.00000000000  0.00040646502  1.67850827435  0.21214450991
   4.13529006292  0.00000000000  0.00039857663  1.68157124456  0.21456361039
   4.08108157725  0.00000000000  0.00039085178  1.68450926699  0.21697497675
   4.02764096516  0.00000000000  0.00038328676  1.68732758338  0.21937825138
   3.97495922512  0.00000000000  0.00037587806  1.69002564739  0.22177389821
   3.92302444039  0.00000000000  0.00036862230  1.69260646773  0.22416188179
   3.87182490608  0.00000000000  0.00036151612  1.69507297803  0.22654217019
   3.82134715748  0.00000000000  0.00035455624  1.69743037903  0.22891436280
   3.77157971370  0.00000000000  0.00034773936  1.69968171425  0.23127837311
   3.72251371241  0.00000000000  0.00034106239  1.70182705849  0.23363459202
   3.67413825169  0.00000000000  0.00033452232  1.70386906671  0.23598299947
   3.62644262066  0.00000000000  0.00032811617  1.70581032745  0.23832357876
   3.57941372129  0.00000000000  0.00032184102  1.70765647695  0.24065578036
   3.53304240154  0.00000000000  0.00031569394  1.70940851698  0.24297987194
   3.48731991888  0.00000000000  0.00030967219  1.71106714360  0.24529613292
   3.44223629270  0.00000000000  0.00030377309  1.71263470072  0.24760455233
   3.39778171486  0.00000000000  0.00029799402  1.71411347477  0.24990512156
   3.35394344542  0.00000000000  0.00029233233  1.71550951754  0.25219711654
   3.31071451760  0.00000000000  0.00028678545  1.71682194963  0.25448108665
   3.26808628815  0.00000000000  0.00028135095  1.71805207224  0.25675718375
   3.22604960034  0.00000000000  0.00027602646  1.71920195818  0.25902541096
   3.18459545402  0.00000000000  0.00027080962  1.72027362911  0.26128577369
   3.14371143914  0.00000000000  0.00026569806  1.72127352098  0.26353738263
   3.10339249549  0.00000000000  0.00026068953  1.72219903757  0.26578113451
   3.06363007277  0.00000000000  0.00025578186  1.72305205772  0.26801703978
   3.02441576461  0.00000000000  0.00025097293  1.72383441603  0.27024510966
   2.98574070582  0.00000000000  0.00024626063  1.72454866416  0.27246519624
   2.94759461071  0.00000000000  0.00024164286  1.72519930453  0.27467672306
   2.90997232235  0.00000000000  0.00023711760  1.72578446554  0.27688045188
   2.87286598467  0.00000000000  0.00023268294  1.72630581148  0.27907639959
   2.83626787300  0.00000000000  0.00022833697  1.72676496618  0.28126458449
   2.80016925515  0.00000000000  0.00022407782  1.72716497665  0.28344470036
   2.76456176152  0.00000000000  0.00021990360  1.72750856676  0.28561649544
   2.72944014901  0.00000000000  0.00021581254  1.72779455059  0.28778058529
   2.69479719238  0.00000000000  0.00021180291  1.72802440329  0.28993699189
   2.66062578530  0.00000000000  0.00020787301  1.72819956483  0.29208573821
   2.62691733047  0.00000000000  0.00020402118  1.72832353896  0.29422635907
   2.59366518252  0.00000000000  0.00020024571  1.72839742019  0.29635893271
   2.56086402412  0.00000000000  0.00019654505  1.72842066958  0.29848391904
   2.52850720392  0.00000000000  0.00019291763  1.72839459537  0.30060134410
   2.49658817930  0.00000000000  0.00018936196  1.72832047432  0.30271123493
   2.46509848932  0.00000000000  0.00018587652  1.72820223026  0.30481296780
   2.43403303670  0.00000000000  0.00018245980  1.72803946934  0.30690695194
   2.40338644395  0.00000000000  0.00017911042  1.72783225731  0.30899348717
