   0.100000E-09  0.100000E-09  0.100000E-09  0.100000E-09  0.100000E-09
   0.366168E-06  0.941000E-06  0.487869E-06  0.729723E-07  0.359693E-07
   0.760671E-06  0.202141E-05  0.105371E-05  0.157827E-06  0.258968E-06
   0.115436E-05  0.313522E-05  0.163808E-05  0.245252E-06  0.650481E-06
   0.154656E-05  0.426959E-05  0.223393E-05  0.334256E-06  0.115796E-05
   0.193717E-05  0.542200E-05  0.283987E-05  0.424646E-06  0.177091E-05
   0.232625E-05  0.659252E-05  0.345596E-05  0.516431E-06  0.248939E-05
   0.271359E-05  0.777661E-05  0.407972E-05  0.609262E-06  0.329467E-05
   0.309915E-05  0.897315E-05  0.471052E-05  0.703049E-06  0.418187E-05
   0.348288E-05  0.101812E-04  0.534787E-05  0.797720E-06  0.514698E-05
   0.386479E-05  0.114007E-04  0.599170E-05  0.893267E-06  0.618925E-05
   0.424491E-05  0.126318E-04  0.664209E-05  0.989698E-06  0.730891E-05
   0.462314E-05  0.138723E-04  0.729788E-05  0.108685E-05  0.849717E-05
   0.499947E-05  0.151219E-04  0.795886E-05  0.118470E-05  0.975220E-05
   0.537391E-05  0.163804E-04  0.862486E-05  0.128321E-05  0.110725E-04
   0.574652E-05  0.176481E-04  0.929619E-05  0.138244E-05  0.124599E-04
   0.611731E-05  0.189249E-04  0.997271E-05  0.148236E-05  0.139133E-04
   0.648624E-05  0.202098E-04  0.106538E-04  0.158289E-05  0.154279E-04
   0.685331E-05  0.215025E-04  0.113394E-04  0.168401E-05  0.170028E-04
   0.721855E-05  0.228029E-04  0.120295E-04  0.178573E-05  0.186372E-04
   0.758201E-05  0.241118E-04  0.127244E-04  0.188809E-05  0.203341E-04
   0.794370E-05  0.254287E-04  0.134238E-04  0.199106E-05  0.220909E-04
   0.830360E-05  0.267529E-04  0.141275E-04  0.209459E-05  0.239050E-04
   0.866172E-05  0.280845E-04  0.148354E-04  0.219868E-05  0.257761E-04
   0.901808E-05  0.294233E-04  0.155475E-04  0.230332E-05  0.277038E-04
   0.937276E-05  0.307704E-04  0.162643E-04  0.240859E-05  0.296914E-04
   0.972573E-05  0.321248E-04  0.169853E-04  0.251442E-05  0.317352E-04
   0.100770E-04  0.334858E-04  0.177101E-04  0.262074E-05  0.338315E-04
   0.104264E-04  0.348522E-04  0.184380E-04  0.272748E-05  0.359761E-04
   0.107740E-04  0.362232E-04  0.191686E-04  0.283456E-05  0.381652E-04
   0.111199E-04  0.375984E-04  0.199018E-04  0.294196E-05  0.403967E-04
   0.114638E-04  0.389765E-04  0.206366E-04  0.304958E-05  0.426650E-04
   0.118059E-04  0.403568E-04  0.213729E-04  0.315736E-05  0.449673E-04
   0.121461E-04  0.417387E-04  0.221101E-04  0.326525E-05  0.473010E-04
   0.124843E-04  0.431216E-04  0.228482E-04  0.337322E-05  0.496635E-04
   0.128206E-04  0.445051E-04  0.235866E-04  0.348122E-05  0.520522E-04
   0.131550E-04  0.458885E-04  0.243253E-04  0.358921E-05  0.544649E-04
   0.134875E-04  0.472715E-04  0.250638E-04  0.369716E-05  0.568999E-04
   0.138180E-04  0.486537E-04  0.258021E-04  0.380504E-05  0.593555E-04
   0.141465E-04  0.500346E-04  0.265398E-04  0.391281E-05  0.618293E-04
   0.144731E-04  0.514138E-04  0.272767E-04  0.402044E-05  0.643192E-04
   0.147977E-04  0.527911E-04  0.280128E-04  0.412793E-05  0.668247E-04
   0.151203E-04  0.541663E-04  0.287479E-04  0.423524E-05  0.693447E-04
   0.154410E-04  0.555392E-04  0.294819E-04  0.434237E-05  0.718780E-04
   0.157597E-04  0.569092E-04  0.302144E-04  0.444926E-05  0.744220E-04
   0.160765E-04  0.582761E-04  0.309453E-04  0.455591E-05  0.769755E-04
   0.163913E-04  0.596400E-04  0.316747E-04  0.466231E-05  0.795389E-04
   0.167042E-04  0.610007E-04  0.324026E-04  0.476847E-05  0.821113E-04
   0.170151E-04  0.623580E-04  0.331287E-04  0.487435E-05  0.846920E-04
   0.173241E-04  0.637112E-04  0.338528E-04  0.497991E-05  0.872774E-04
   0.176312E-04  0.650605E-04  0.345748E-04  0.508517E-05  0.898683E-04
   0.179363E-04  0.664060E-04  0.352948E-04  0.519012E-05  0.924649E-04
   0.182395E-04  0.677475E-04  0.360129E-04  0.529475E-05  0.950667E-04
   0.185408E-04  0.690850E-04  0.367289E-04  0.539907E-05  0.976729E-04
   0.188402E-04  0.704175E-04  0.374422E-04  0.550300E-05  0.100279E-03
   0.191377E-04  0.717456E-04  0.381533E-04  0.560658E-05  0.102889E-03
   0.194333E-04  0.730693E-04  0.388621E-04  0.570982E-05  0.105500E-03
   0.197270E-04  0.743886E-04  0.395687E-04  0.581270E-05  0.108115E-03
   0.200189E-04  0.757034E-04  0.402728E-04  0.591523E-05  0.110730E-03
   0.203088E-04  0.770125E-04  0.409741E-04  0.601732E-05  0.113343E-03
   0.205970E-04  0.783170E-04  0.416729E-04  0.611904E-05  0.115956E-03
   0.208832E-04  0.796167E-04  0.423692E-04  0.622039E-05  0.118570E-03
   0.211677E-04  0.809117E-04  0.430630E-04  0.632136E-05  0.121184E-03
   0.214503E-04  0.822016E-04  0.437542E-04  0.642194E-05  0.123796E-03
   0.217311E-04  0.834857E-04  0.444424E-04  0.652206E-05  0.126404E-03
   0.220101E-04  0.847649E-04  0.451280E-04  0.662180E-05  0.129012E-03
   0.222873E-04  0.860392E-04  0.458110E-04  0.672114E-05  0.131617E-03
   0.225627E-04  0.873084E-04  0.464913E-04  0.682010E-05  0.134221E-03
   0.228363E-04  0.885721E-04  0.471688E-04  0.691862E-05  0.136822E-03
   0.231082E-04  0.898301E-04  0.478432E-04  0.701669E-05  0.139417E-03
   0.233783E-04  0.910830E-04  0.485150E-04  0.711437E-05  0.142010E-03
   0.236466E-04  0.923308E-04  0.491841E-04  0.721164E-05  0.144600E-03
   0.239133E-04  0.935734E-04  0.498504E-04  0.730851E-05  0.147187E-03
   0.241782E-04  0.948102E-04  0.505137E-04  0.740492E-05  0.149768E-03
   0.244413E-04  0.960414E-04  0.511740E-04  0.750088E-05  0.152344E-03
   0.247028E-04  0.972673E-04  0.518316E-04  0.759644E-05  0.154916E-03
   0.249626E-04  0.984881E-04  0.524865E-04  0.769159E-05  0.157485E-03
   0.252206E-04  0.997036E-04  0.531386E-04  0.778634E-05  0.160049E-03
   0.254770E-04  0.100913E-03  0.537874E-04  0.788060E-05  0.162606E-03
   0.257318E-04  0.102117E-03  0.544333E-04  0.797443E-05  0.165157E-03
   0.259849E-04  0.103316E-03  0.550765E-04  0.806786E-05  0.167705E-03
   0.262363E-04  0.104509E-03  0.557170E-04  0.816087E-05  0.170247E-03
   0.264861E-04  0.105697E-03  0.563546E-04  0.825347E-05  0.172785E-03
   0.267343E-04  0.106879E-03  0.569889E-04  0.834558E-05  0.175314E-03
   0.269808E-04  0.108056E-03  0.576204E-04  0.843726E-05  0.177837E-03
   0.272258E-04  0.109227E-03  0.582491E-04  0.852854E-05  0.180355E-03
   0.274691E-04  0.110393E-03  0.588751E-04  0.861941E-05  0.182869E-03
   0.277109E-04  0.111554E-03  0.594982E-04  0.870986E-05  0.185376E-03
   0.279511E-04  0.112708E-03  0.601179E-04  0.879982E-05  0.187874E-03
   0.281897E-04  0.113857E-03  0.607350E-04  0.888937E-05  0.190366E-03
   0.284267E-04  0.115001E-03  0.613492E-04  0.897852E-05  0.192853E-03
   0.286623E-04  0.116140E-03  0.619607E-04  0.906725E-05  0.195335E-03
   0.288962E-04  0.117273E-03  0.625693E-04  0.915556E-05  0.197809E-03
   0.291286E-04  0.118401E-03  0.631746E-04  0.924339E-05  0.200274E-03
   0.293595E-04  0.119523E-03  0.637773E-04  0.933082E-05  0.202733E-03
   0.295889E-04  0.120640E-03  0.643771E-04  0.941785E-05  0.205187E-03
   0.298168E-04  0.121751E-03  0.649743E-04  0.950447E-05  0.207635E-03
   0.300432E-04  0.122857E-03  0.655684E-04  0.959065E-05  0.210074E-03
   0.302681E-04  0.123958E-03  0.661595E-04  0.967639E-05  0.212505E-03
   0.304915E-04  0.125053E-03  0.667478E-04  0.976172E-05  0.214929E-03
   0.307135E-04  0.126143E-03  0.673335E-04  0.984665E-05  0.217348E-03
   0.309340E-04  0.127228E-03  0.679165E-04  0.993119E-05  0.219761E-03
   0.311531E-04  0.128307E-03  0.684963E-04  0.100153E-04  0.222164E-03
   0.313707E-04  0.129381E-03  0.690733E-04  0.100989E-04  0.224559E-03
   0.315869E-04  0.130450E-03  0.696475E-04  0.101822E-04  0.226948E-03
   0.318016E-04  0.131514E-03  0.702192E-04  0.102651E-04  0.229331E-03
   0.320150E-04  0.132572E-03  0.707881E-04  0.103475E-04  0.231707E-03
   0.322269E-04  0.133625E-03  0.713539E-04  0.104296E-04  0.234073E-03
   0.324375E-04  0.134673E-03  0.719170E-04  0.105112E-04  0.236432E-03
   0.326467E-04  0.135716E-03  0.724774E-04  0.105924E-04  0.238785E-03
   0.328545E-04  0.136753E-03  0.730352E-04  0.106732E-04  0.241131E-03
   0.330609E-04  0.137786E-03  0.735904E-04  0.107537E-04  0.243471E-03
   0.332659E-04  0.138813E-03  0.741424E-04  0.108337E-04  0.245799E-03
   0.334696E-04  0.139835E-03  0.746918E-04  0.109133E-04  0.248121E-03
   0.336720E-04  0.140852E-03  0.752386E-04  0.109925E-04  0.250437E-03
   0.338730E-04  0.141864E-03  0.757828E-04  0.110714E-04  0.252746E-03
   0.340727E-04  0.142872E-03  0.763244E-04  0.111498E-04  0.255048E-03
   0.342711E-04  0.143873E-03  0.768629E-04  0.112278E-04  0.257340E-03
   0.344682E-04  0.144870E-03  0.773989E-04  0.113055E-04  0.259625E-03
   0.346639E-04  0.145862E-03  0.779323E-04  0.113827E-04  0.261903E-03
   0.348584E-04  0.146849E-03  0.784633E-04  0.114596E-04  0.264175E-03
   0.350516E-04  0.147832E-03  0.789915E-04  0.115361E-04  0.266439E-03
   0.352435E-04  0.148808E-03  0.795168E-04  0.116122E-04  0.268693E-03
   0.354341E-04  0.149780E-03  0.800397E-04  0.116879E-04  0.270941E-03
   0.356235E-04  0.150748E-03  0.805600E-04  0.117633E-04  0.273182E-03
   0.358116E-04  0.151711E-03  0.810780E-04  0.118382E-04  0.275417E-03
   0.359985E-04  0.152668E-03  0.815931E-04  0.119128E-04  0.277643E-03
   0.361841E-04  0.153621E-03  0.821055E-04  0.119870E-04  0.279860E-03
   0.363685E-04  0.154569E-03  0.826155E-04  0.120608E-04  0.282071E-03
   0.365517E-04  0.155513E-03  0.831231E-04  0.121343E-04  0.284275E-03
   0.367336E-04  0.156451E-03  0.836283E-04  0.122074E-04  0.286473E-03
   0.369144E-04  0.157385E-03  0.841306E-04  0.122801E-04  0.288661E-03
   0.370939E-04  0.158314E-03  0.846304E-04  0.123524E-04  0.290842E-03
   0.372723E-04  0.159238E-03  0.851279E-04  0.124244E-04  0.293016E-03
