   0.100000E-09  0.100000E-09  0.100000E-09  0.100000E-09  0.100000E-09
   0.116959E-04  0.825549E-07  0.156166E-08  0.200293E-09  0.223662E-05
   0.242605E-04  0.325639E-06  0.643499E-08  0.573343E-09  0.460053E-05
   0.367640E-04  0.615301E-06  0.129641E-07  0.122248E-08  0.694633E-05
   0.491970E-04  0.933107E-06  0.206037E-07  0.214566E-08  0.927412E-05
   0.615580E-04  0.127820E-05  0.293458E-07  0.334048E-08  0.115840E-04
   0.738474E-04  0.165054E-05  0.392260E-07  0.480445E-08  0.138761E-04
   0.860614E-04  0.204448E-05  0.500418E-07  0.653374E-08  0.161506E-04
   0.982003E-04  0.245809E-05  0.617369E-07  0.852472E-08  0.184076E-04
   0.110264E-03  0.288978E-05  0.742639E-07  0.107737E-07  0.206472E-04
   0.122254E-03  0.333882E-05  0.876112E-07  0.132772E-07  0.228697E-04
   0.134172E-03  0.380473E-05  0.101777E-06  0.160319E-07  0.250753E-04
   0.146016E-03  0.428502E-05  0.116660E-06  0.190335E-07  0.272640E-04
   0.157787E-03  0.477875E-05  0.132221E-06  0.222781E-07  0.294360E-04
   0.169486E-03  0.528502E-05  0.148424E-06  0.257618E-07  0.315916E-04
   0.181115E-03  0.580358E-05  0.165266E-06  0.294812E-07  0.337308E-04
   0.192673E-03  0.633367E-05  0.182714E-06  0.334323E-07  0.358538E-04
   0.204162E-03  0.687399E-05  0.200707E-06  0.376105E-07  0.379608E-04
   0.215580E-03  0.742397E-05  0.219222E-06  0.420115E-07  0.400519E-04
   0.226931E-03  0.798320E-05  0.238243E-06  0.466313E-07  0.421273E-04
   0.238215E-03  0.855193E-05  0.257791E-06  0.514667E-07  0.441872E-04
   0.249433E-03  0.912969E-05  0.277846E-06  0.565133E-07  0.462316E-04
   0.260585E-03  0.971603E-05  0.298387E-06  0.617668E-07  0.482608E-04
   0.271673E-03  0.103108E-04  0.319412E-06  0.672234E-07  0.502748E-04
   0.282697E-03  0.109139E-04  0.340916E-06  0.728792E-07  0.522737E-04
   0.293661E-03  0.115255E-04  0.362926E-06  0.787319E-07  0.542579E-04
   0.304563E-03  0.121453E-04  0.385415E-06  0.847769E-07  0.562273E-04
   0.315405E-03  0.127732E-04  0.408383E-06  0.910106E-07  0.581821E-04
   0.326189E-03  0.134094E-04  0.431846E-06  0.974294E-07  0.601223E-04
   0.336915E-03  0.140541E-04  0.455816E-06  0.104030E-06  0.620482E-04
   0.347590E-03  0.147080E-04  0.480347E-06  0.110811E-06  0.639599E-04
   0.358211E-03  0.153708E-04  0.505413E-06  0.117767E-06  0.658575E-04
   0.368780E-03  0.160427E-04  0.531026E-06  0.124896E-06  0.677410E-04
   0.379300E-03  0.167238E-04  0.557198E-06  0.132194E-06  0.696106E-04
   0.389771E-03  0.174145E-04  0.583947E-06  0.139658E-06  0.714664E-04
   0.400199E-03  0.181152E-04  0.611312E-06  0.147287E-06  0.733086E-04
   0.410581E-03  0.188257E-04  0.639270E-06  0.155077E-06  0.751372E-04
   0.420920E-03  0.195460E-04  0.667831E-06  0.163025E-06  0.769524E-04
   0.431216E-03  0.202765E-04  0.697005E-06  0.171129E-06  0.787542E-04
   0.441473E-03  0.210174E-04  0.726815E-06  0.179385E-06  0.805427E-04
   0.451691E-03  0.217686E-04  0.757265E-06  0.187793E-06  0.823182E-04
   0.461867E-03  0.225297E-04  0.788318E-06  0.196348E-06  0.840807E-04
   0.472002E-03  0.233003E-04  0.819964E-06  0.205049E-06  0.858302E-04
   0.482096E-03  0.240803E-04  0.852194E-06  0.213892E-06  0.875669E-04
   0.492148E-03  0.248696E-04  0.885013E-06  0.222876E-06  0.892910E-04
   0.502160E-03  0.256681E-04  0.918409E-06  0.231999E-06  0.910024E-04
   0.512128E-03  0.264753E-04  0.952360E-06  0.241256E-06  0.927014E-04
   0.522054E-03  0.272911E-04  0.986858E-06  0.250647E-06  0.943879E-04
   0.531938E-03  0.281153E-04  0.102190E-05  0.260168E-06  0.960621E-04
   0.541779E-03  0.289479E-04  0.105748E-05  0.269819E-06  0.977242E-04
   0.551578E-03  0.297886E-04  0.109359E-05  0.279595E-06  0.993742E-04
   0.561334E-03  0.306372E-04  0.113022E-05  0.289496E-06  0.101012E-03
   0.571046E-03  0.314936E-04  0.116735E-05  0.299517E-06  0.102638E-03
   0.580715E-03  0.323576E-04  0.120500E-05  0.309657E-06  0.104252E-03
   0.590342E-03  0.332292E-04  0.124315E-05  0.319915E-06  0.105855E-03
   0.599925E-03  0.341081E-04  0.128179E-05  0.330289E-06  0.107446E-03
   0.609465E-03  0.349942E-04  0.132091E-05  0.340774E-06  0.109025E-03
   0.618962E-03  0.358875E-04  0.136052E-05  0.351369E-06  0.110593E-03
   0.628416E-03  0.367878E-04  0.140060E-05  0.362073E-06  0.112149E-03
   0.637827E-03  0.376948E-04  0.144116E-05  0.372884E-06  0.113695E-03
   0.647194E-03  0.386086E-04  0.148218E-05  0.383799E-06  0.115229E-03
   0.656519E-03  0.395290E-04  0.152366E-05  0.394815E-06  0.116752E-03
   0.665800E-03  0.404561E-04  0.156560E-05  0.405931E-06  0.118264E-03
   0.675038E-03  0.413896E-04  0.160799E-05  0.417145E-06  0.119765E-03
   0.684234E-03  0.423292E-04  0.165083E-05  0.428457E-06  0.121255E-03
   0.693386E-03  0.432751E-04  0.169410E-05  0.439862E-06  0.122735E-03
   0.702496E-03  0.442272E-04  0.173782E-05  0.451359E-06  0.124203E-03
   0.711562E-03  0.451854E-04  0.178198E-05  0.462946E-06  0.125662E-03
   0.720587E-03  0.461495E-04  0.182657E-05  0.474622E-06  0.127109E-03
   0.729568E-03  0.471193E-04  0.187158E-05  0.486385E-06  0.128547E-03
   0.738507E-03  0.480950E-04  0.191701E-05  0.498233E-06  0.129974E-03
   0.747404E-03  0.490765E-04  0.196288E-05  0.510163E-06  0.131390E-03
   0.756259E-03  0.500637E-04  0.200916E-05  0.522174E-06  0.132797E-03
   0.765071E-03  0.510563E-04  0.205585E-05  0.534265E-06  0.134193E-03
   0.773841E-03  0.520542E-04  0.210296E-05  0.546434E-06  0.135580E-03
   0.782570E-03  0.530577E-04  0.215047E-05  0.558679E-06  0.136956E-03
   0.791256E-03  0.540667E-04  0.219840E-05  0.570998E-06  0.138322E-03
   0.799901E-03  0.550810E-04  0.224674E-05  0.583389E-06  0.139679E-03
   0.808505E-03  0.561003E-04  0.229546E-05  0.595853E-06  0.141026E-03
   0.817066E-03  0.571246E-04  0.234459E-05  0.608386E-06  0.142363E-03
   0.825587E-03  0.581542E-04  0.239412E-05  0.620986E-06  0.143691E-03
   0.834066E-03  0.591890E-04  0.244405E-05  0.633653E-06  0.145009E-03
   0.842505E-03  0.602288E-04  0.249437E-05  0.646383E-06  0.146318E-03
   0.850900E-03  0.612728E-04  0.254505E-05  0.659179E-06  0.147617E-03
   0.859252E-03  0.623214E-04  0.259609E-05  0.672036E-06  0.148907E-03
   0.867562E-03  0.633746E-04  0.264750E-05  0.684952E-06  0.150188E-03
   0.875828E-03  0.644323E-04  0.269926E-05  0.697926E-06  0.151459E-03
   0.884051E-03  0.654941E-04  0.275137E-05  0.710957E-06  0.152722E-03
   0.892228E-03  0.665593E-04  0.280378E-05  0.724045E-06  0.153975E-03
   0.900360E-03  0.676285E-04  0.285651E-05  0.737185E-06  0.155220E-03
   0.908448E-03  0.687015E-04  0.290956E-05  0.750377E-06  0.156455E-03
   0.916490E-03  0.697783E-04  0.296293E-05  0.763618E-06  0.157682E-03
   0.924485E-03  0.708584E-04  0.301658E-05  0.776908E-06  0.158900E-03
   0.932433E-03  0.719412E-04  0.307050E-05  0.790245E-06  0.160109E-03
   0.940335E-03  0.730274E-04  0.312470E-05  0.803627E-06  0.161309E-03
   0.948189E-03  0.741168E-04  0.317918E-05  0.817052E-06  0.162501E-03
   0.955996E-03  0.752092E-04  0.323393E-05  0.830518E-06  0.163685E-03
   0.963754E-03  0.763041E-04  0.328892E-05  0.844024E-06  0.164860E-03
   0.971463E-03  0.774012E-04  0.334414E-05  0.857569E-06  0.166026E-03
   0.979123E-03  0.785011E-04  0.339961E-05  0.871149E-06  0.167184E-03
   0.986734E-03  0.796035E-04  0.345531E-05  0.884763E-06  0.168334E-03
   0.994295E-03  0.807084E-04  0.351125E-05  0.898410E-06  0.169476E-03
   0.100181E-02  0.818134E-04  0.356729E-05  0.912089E-06  0.170609E-03
   0.100926E-02  0.829095E-04  0.362285E-05  0.925796E-06  0.171734E-03
   0.101666E-02  0.839971E-04  0.367795E-05  0.939530E-06  0.172851E-03
   0.102401E-02  0.850764E-04  0.373260E-05  0.953289E-06  0.173961E-03
   0.103131E-02  0.861475E-04  0.378680E-05  0.967072E-06  0.175062E-03
   0.103856E-02  0.872082E-04  0.384044E-05  0.980877E-06  0.176155E-03
   0.104575E-02  0.882603E-04  0.389361E-05  0.994701E-06  0.177241E-03
   0.105289E-02  0.893044E-04  0.394636E-05  0.100854E-05  0.178318E-03
   0.105998E-02  0.903407E-04  0.399867E-05  0.102240E-05  0.179388E-03
   0.106702E-02  0.913690E-04  0.405057E-05  0.103628E-05  0.180450E-03
   0.107401E-02  0.923870E-04  0.410190E-05  0.105016E-05  0.181505E-03
   0.108094E-02  0.933973E-04  0.415282E-05  0.106406E-05  0.182552E-03
   0.108783E-02  0.944000E-04  0.420333E-05  0.107797E-05  0.183592E-03
   0.109467E-02  0.953951E-04  0.425344E-05  0.109189E-05  0.184624E-03
   0.110146E-02  0.963824E-04  0.430312E-05  0.110581E-05  0.185648E-03
   0.110820E-02  0.973601E-04  0.435229E-05  0.111974E-05  0.186665E-03
   0.111490E-02  0.983305E-04  0.440107E-05  0.113367E-05  0.187675E-03
   0.112154E-02  0.992937E-04  0.444946E-05  0.114761E-05  0.188678E-03
   0.112814E-02  0.100250E-03  0.449747E-05  0.116155E-05  0.189673E-03
   0.113469E-02  0.101197E-03  0.454505E-05  0.117549E-05  0.190662E-03
   0.114119E-02  0.102137E-03  0.459216E-05  0.118942E-05  0.191643E-03
   0.114765E-02  0.103069E-03  0.463890E-05  0.120335E-05  0.192617E-03
   0.115406E-02  0.103994E-03  0.468527E-05  0.121728E-05  0.193584E-03
   0.116043E-02  0.104913E-03  0.473128E-05  0.123121E-05  0.194544E-03
   0.116675E-02  0.105823E-03  0.477685E-05  0.124512E-05  0.195497E-03
   0.117302E-02  0.106726E-03  0.482201E-05  0.125903E-05  0.196443E-03
   0.117925E-02  0.107621E-03  0.486681E-05  0.127293E-05  0.197382E-03
   0.118543E-02  0.108511E-03  0.491125E-05  0.128682E-05  0.198315E-03
   0.119157E-02  0.109393E-03  0.495535E-05  0.130070E-05  0.199240E-03
   0.119767E-02  0.110267E-03  0.499901E-05  0.131457E-05  0.200159E-03
   0.120372E-02  0.111135E-03  0.504230E-05  0.132842E-05  0.201072E-03
   0.120973E-02  0.111996E-03  0.508525E-05  0.134226E-05  0.201977E-03
