100.00   0.000E+00   0.000E+00   0.847E+00   0.595E+00   0.440E+00   0.155E+00   0.821E+00   0.818E+00   0.000E+00   0.000E+00   0.589E-01   0.589E+00   0.412E+00   0.000E+00   0.000E+00   0.000E+00   0.000E+00   0.000E+00
 66.69   0.000E+00   0.000E+00   0.761E+00   0.519E+00   0.337E+00   0.182E+00   0.743E+00   0.744E+00   0.000E+00   0.000E+00   0.486E-01   0.612E+00   0.291E+00   0.872E-02   0.000E+00   0.000E+00   0.000E+00   0.000E+00
 45.98   0.000E+00   0.000E+00   0.645E+00   0.417E+00   0.198E+00   0.219E+00   0.639E+00   0.643E+00   0.000E+00   0.000E+00   0.387E-01   0.633E+00   0.175E+00   0.193E-01   0.179E-02   0.000E+00   0.000E+00   0.000E+00
 33.93   0.000E+00   0.000E+00   0.520E+00   0.306E+00   0.992E-01   0.207E+00   0.523E+00   0.530E+00   0.000E+00   0.000E+00   0.395E-01   0.794E+00   0.106E+00   0.405E-01   0.186E-01   0.235E-02   0.249E-03   0.000E+00
 26.24   0.000E+00   0.000E+00   0.466E+00   0.263E+00   0.773E-01   0.186E+00   0.454E+00   0.462E+00   0.000E+00   0.000E+00   0.556E-01   0.724E+00   0.655E-01   0.260E-01   0.639E-01   0.272E-01   0.314E-02   0.000E+00
 21.01   0.000E+00   0.000E+00   0.414E+00   0.234E+00   0.971E-01   0.136E+00   0.404E+00   0.414E+00   0.000E+00   0.000E+00   0.697E-01   0.707E+00   0.179E-01   0.850E-02   0.106E+00   0.541E-01   0.560E-02   0.000E+00
 17.26   0.000E+00   0.000E+00   0.361E+00   0.186E+00   0.965E-01   0.895E-01   0.370E+00   0.383E+00   0.000E+00   0.000E+00   0.127E+00   0.599E+00   0.129E+00   0.277E-01   0.754E-01   0.307E-01   0.444E-02   0.000E+00
 14.48   0.000E+00   0.000E+00   0.324E+00   0.161E+00   0.993E-01   0.619E-01   0.369E+00   0.384E+00   0.000E+00   0.000E+00   0.137E+00   0.552E+00   0.746E-01   0.169E-01   0.867E-01   0.487E-01   0.850E-02   0.000E+00
 12.35   0.000E+00   0.000E+00   0.293E+00   0.144E+00   0.111E+00   0.336E-01   0.322E+00   0.337E+00   0.000E+00   0.000E+00   0.173E+00   0.394E+00   0.254E-01   0.915E-02   0.156E+00   0.109E+00   0.205E-01   0.000E+00
 10.69   0.000E+00   0.000E+00   0.254E+00   0.143E+00   0.119E+00   0.239E-01   0.264E+00   0.272E+00   0.000E+00   0.000E+00   0.158E+00   0.350E+00   0.681E-02   0.204E-02   0.187E+00   0.151E+00   0.298E-01   0.000E+00
  9.89   0.000E+00   0.000E+00   0.230E+00   0.143E+00   0.125E+00   0.186E-01   0.236E+00   0.239E+00   0.000E+00   0.000E+00   0.153E+00   0.341E+00   0.659E-02   0.199E-02   0.183E+00   0.148E+00   0.291E-01   0.000E+00
  9.63   0.000E+00   0.000E+00   0.221E+00   0.144E+00   0.127E+00   0.167E-01   0.226E+00   0.228E+00   0.000E+00   0.000E+00   0.150E+00   0.336E+00   0.647E-02   0.196E-02   0.181E+00   0.147E+00   0.288E-01   0.000E+00
  9.40   0.000E+00   0.000E+00   0.213E+00   0.144E+00   0.129E+00   0.148E-01   0.216E+00   0.216E+00   0.000E+00   0.000E+00   0.147E+00   0.330E+00   0.634E-02   0.193E-02   0.178E+00   0.145E+00   0.284E-01   0.000E+00
  9.18   0.000E+00   0.000E+00   0.205E+00   0.144E+00   0.131E+00   0.131E-01   0.207E+00   0.206E+00   0.000E+00   0.000E+00   0.143E+00   0.322E+00   0.617E-02   0.189E-02   0.175E+00   0.142E+00   0.279E-01   0.000E+00
  8.99   0.000E+00   0.000E+00   0.197E+00   0.144E+00   0.133E+00   0.114E-01   0.198E+00   0.195E+00   0.000E+00   0.000E+00   0.139E+00   0.313E+00   0.597E-02   0.184E-02   0.171E+00   0.139E+00   0.273E-01   0.000E+00
  8.81   0.000E+00   0.000E+00   0.190E+00   0.144E+00   0.135E+00   0.976E-02   0.190E+00   0.185E+00   0.000E+00   0.000E+00   0.132E+00   0.301E+00   0.570E-02   0.178E-02   0.167E+00   0.135E+00   0.266E-01   0.000E+00
  8.64   0.000E+00   0.000E+00   0.182E+00   0.145E+00   0.136E+00   0.819E-02   0.181E+00   0.176E+00   0.000E+00   0.000E+00   0.124E+00   0.285E+00   0.534E-02   0.170E-02   0.160E+00   0.130E+00   0.255E-01   0.000E+00
  8.48   0.000E+00   0.000E+00   0.175E+00   0.145E+00   0.138E+00   0.668E-02   0.173E+00   0.166E+00   0.000E+00   0.000E+00   0.112E+00   0.263E+00   0.483E-02   0.158E-02   0.151E+00   0.122E+00   0.240E-01   0.000E+00
  8.33   0.000E+00   0.000E+00   0.169E+00   0.145E+00   0.140E+00   0.521E-02   0.166E+00   0.157E+00   0.000E+00   0.000E+00   0.940E-01   0.228E+00   0.406E-02   0.141E-02   0.137E+00   0.111E+00   0.218E-01   0.000E+00
  8.20   0.000E+00   0.000E+00   0.162E+00   0.145E+00   0.141E+00   0.378E-02   0.158E+00   0.149E+00   0.000E+00   0.000E+00   0.631E-01   0.170E+00   0.274E-02   0.111E-02   0.113E+00   0.915E-01   0.180E-01   0.000E+00
  8.07   0.000E+00   0.000E+00   0.156E+00   0.145E+00   0.143E+00   0.240E-02   0.151E+00   0.140E+00   0.000E+00   0.000E+00   0.000E+00   0.461E-01   0.000E+00   0.471E-03   0.623E-01   0.504E-01   0.988E-02   0.000E+00
  7.95   0.000E+00   0.000E+00   0.153E+00   0.146E+00   0.144E+00   0.159E-02   0.147E+00   0.136E+00   0.868E+00   0.142E-01   0.000E+00   0.000E+00   0.000E+00   0.000E+00   0.378E-03   0.169E-03   0.000E+00   0.175E-04
  7.83   0.000E+00   0.000E+00   0.154E+00   0.147E+00   0.145E+00   0.144E-02   0.148E+00   0.137E+00   0.962E+00   0.159E-01   0.000E+00   0.000E+00   0.000E+00   0.000E+00   0.361E-03   0.206E-03   0.000E+00   0.613E-04
  7.72   0.000E+00   0.000E+00   0.155E+00   0.147E+00   0.146E+00   0.129E-02   0.149E+00   0.138E+00   0.108E+01   0.178E-01   0.000E+00   0.000E+00   0.000E+00   0.000E+00   0.341E-03   0.250E-03   0.000E+00   0.114E-03
  7.62   0.000E+00   0.000E+00   0.156E+00   0.148E+00   0.147E+00   0.115E-02   0.150E+00   0.138E+00   0.121E+01   0.203E-01   0.000E+00   0.000E+00   0.000E+00   0.000E+00   0.316E-03   0.304E-03   0.000E+00   0.178E-03
  7.52   0.000E+00   0.000E+00   0.156E+00   0.149E+00   0.148E+00   0.101E-02   0.150E+00   0.139E+00   0.139E+01   0.233E-01   0.000E+00   0.000E+00   0.000E+00   0.299E-04   0.285E-03   0.372E-03   0.000E+00   0.258E-03
  7.43   0.000E+00   0.000E+00   0.157E+00   0.150E+00   0.149E+00   0.872E-03   0.151E+00   0.140E+00   0.161E+01   0.272E-01   0.000E+00   0.000E+00   0.000E+00   0.165E-03   0.246E-03   0.460E-03   0.000E+00   0.361E-03
  7.34   0.000E+00   0.000E+00   0.158E+00   0.150E+00   0.150E+00   0.739E-03   0.152E+00   0.140E+00   0.190E+01   0.324E-01   0.000E+00   0.000E+00   0.000E+00   0.345E-03   0.193E-03   0.576E-03   0.000E+00   0.499E-03
  7.25   0.000E+00   0.000E+00   0.159E+00   0.151E+00   0.150E+00   0.608E-03   0.152E+00   0.141E+00   0.232E+01   0.397E-01   0.000E+00   0.000E+00   0.667E-03   0.598E-03   0.118E-03   0.740E-03   0.000E+00   0.693E-03
  7.17   0.000E+00   0.000E+00   0.160E+00   0.152E+00   0.151E+00   0.480E-03   0.153E+00   0.142E+00   0.295E+01   0.507E-01   0.000E+00   0.000E+00   0.241E-02   0.980E-03   0.606E-05   0.987E-03   0.000E+00   0.984E-03
  7.09   0.000E+00   0.000E+00   0.160E+00   0.152E+00   0.152E+00   0.355E-03   0.154E+00   0.142E+00   0.400E+01   0.692E-01   0.000E+00   0.000E+00   0.533E-02   0.162E-02   0.000E+00   0.140E-02   0.000E+00   0.147E-02
  7.02   0.000E+00   0.000E+00   0.161E+00   0.153E+00   0.153E+00   0.231E-03   0.154E+00   0.143E+00   0.614E+01   0.107E+00   0.000E+00   0.000E+00   0.113E-01   0.293E-02   0.000E+00   0.225E-02   0.000E+00   0.247E-02
  6.94   0.000E+00   0.000E+00   0.162E+00   0.154E+00   0.153E+00   0.234E-03   0.155E+00   0.144E+00   0.608E+01   0.106E+00   0.000E+00   0.000E+00   0.116E-01   0.290E-02   0.000E+00   0.222E-02   0.000E+00   0.251E-02
  6.87   0.000E+00   0.000E+00   0.163E+00   0.155E+00   0.154E+00   0.273E-03   0.156E+00   0.145E+00   0.522E+01   0.915E-01   0.000E+00   0.000E+00   0.982E-02   0.241E-02   0.000E+00   0.189E-02   0.000E+00   0.218E-02
  6.81   0.000E+00   0.000E+00   0.163E+00   0.155E+00   0.155E+00   0.311E-03   0.157E+00   0.146E+00   0.459E+01   0.807E-01   0.000E+00   0.000E+00   0.847E-02   0.204E-02   0.000E+00   0.164E-02   0.000E+00   0.193E-02
  6.74   0.000E+00   0.000E+00   0.164E+00   0.156E+00   0.156E+00   0.348E-03   0.158E+00   0.146E+00   0.411E+01   0.723E-01   0.000E+00   0.000E+00   0.743E-02   0.175E-02   0.000E+00   0.145E-02   0.000E+00   0.174E-02
  6.68   0.000E+00   0.000E+00   0.165E+00   0.157E+00   0.157E+00   0.384E-03   0.158E+00   0.147E+00   0.372E+01   0.657E-01   0.000E+00   0.000E+00   0.660E-02   0.153E-02   0.000E+00   0.130E-02   0.000E+00   0.159E-02
  6.62   0.000E+00   0.000E+00   0.166E+00   0.158E+00   0.157E+00   0.420E-03   0.159E+00   0.148E+00   0.341E+01   0.603E-01   0.000E+00   0.000E+00   0.592E-02   0.134E-02   0.000E+00   0.118E-02   0.000E+00   0.147E-02
  6.56   0.000E+00   0.000E+00   0.167E+00   0.159E+00   0.158E+00   0.456E-03   0.160E+00   0.149E+00   0.315E+01   0.558E-01   0.000E+00   0.000E+00   0.536E-02   0.119E-02   0.318E-04   0.108E-02   0.000E+00   0.136E-02
  6.51   0.000E+00   0.000E+00   0.167E+00   0.159E+00   0.159E+00   0.490E-03   0.161E+00   0.149E+00   0.293E+01   0.521E-01   0.000E+00   0.000E+00   0.489E-02   0.106E-02   0.748E-04   0.993E-03   0.000E+00   0.128E-02
  6.45   0.000E+00   0.000E+00   0.168E+00   0.160E+00   0.159E+00   0.525E-03   0.161E+00   0.150E+00   0.274E+01   0.488E-01   0.000E+00   0.000E+00   0.449E-02   0.951E-03   0.111E-03   0.920E-03   0.000E+00   0.121E-02
  6.40   0.000E+00   0.000E+00   0.169E+00   0.161E+00   0.160E+00   0.559E-03   0.162E+00   0.151E+00   0.257E+01   0.460E-01   0.000E+00   0.000E+00   0.414E-02   0.856E-03   0.143E-03   0.856E-03   0.000E+00   0.114E-02
  6.35   0.000E+00   0.000E+00   0.170E+00   0.161E+00   0.161E+00   0.592E-03   0.163E+00   0.152E+00   0.243E+01   0.436E-01   0.000E+00   0.000E+00   0.383E-02   0.773E-03   0.171E-03   0.801E-03   0.000E+00   0.109E-02
  6.30   0.000E+00   0.000E+00   0.170E+00   0.162E+00   0.162E+00   0.625E-03   0.163E+00   0.152E+00   0.231E+01   0.415E-01   0.000E+00   0.000E+00   0.356E-02   0.699E-03   0.196E-03   0.752E-03   0.000E+00   0.104E-02
  6.25   0.000E+00   0.000E+00   0.171E+00   0.163E+00   0.162E+00   0.657E-03   0.164E+00   0.153E+00   0.220E+01   0.395E-01   0.000E+00   0.000E+00   0.332E-02   0.634E-03   0.217E-03   0.708E-03   0.000E+00   0.994E-03
  6.20   0.000E+00   0.000E+00   0.172E+00   0.164E+00   0.163E+00   0.689E-03   0.165E+00   0.154E+00   0.210E+01   0.378E-01   0.000E+00   0.000E+00   0.311E-02   0.576E-03   0.237E-03   0.669E-03   0.000E+00   0.955E-03
  6.16   0.000E+00   0.000E+00   0.173E+00   0.164E+00   0.164E+00   0.720E-03   0.166E+00   0.154E+00   0.201E+01   0.363E-01   0.000E+00   0.000E+00   0.292E-02   0.523E-03   0.254E-03   0.634E-03   0.000E+00   0.920E-03
  6.11   0.000E+00   0.000E+00   0.173E+00   0.165E+00   0.164E+00   0.751E-03   0.166E+00   0.155E+00   0.192E+01   0.349E-01   0.000E+00   0.000E+00   0.274E-02   0.476E-03   0.270E-03   0.603E-03   0.000E+00   0.888E-03
  6.07   0.000E+00   0.000E+00   0.174E+00   0.166E+00   0.165E+00   0.782E-03   0.167E+00   0.156E+00   0.185E+01   0.336E-01   0.000E+00   0.000E+00   0.259E-02   0.432E-03   0.284E-03   0.574E-03   0.000E+00   0.860E-03
  6.03   0.000E+00   0.000E+00   0.175E+00   0.166E+00   0.165E+00   0.812E-03   0.167E+00   0.156E+00   0.178E+01   0.325E-01   0.000E+00   0.000E+00   0.244E-02   0.393E-03   0.298E-03   0.548E-03   0.000E+00   0.833E-03
  5.99   0.000E+00   0.000E+00   0.175E+00   0.167E+00   0.166E+00   0.842E-03   0.168E+00   0.157E+00   0.172E+01   0.314E-01   0.000E+00   0.000E+00   0.231E-02   0.357E-03   0.310E-03   0.524E-03   0.000E+00   0.809E-03
  5.95   0.000E+00   0.000E+00   0.176E+00   0.168E+00   0.167E+00   0.872E-03   0.169E+00   0.158E+00   0.166E+01   0.304E-01   0.000E+00   0.000E+00   0.219E-02   0.323E-03   0.321E-03   0.501E-03   0.000E+00   0.787E-03
  5.91   0.000E+00   0.000E+00   0.176E+00   0.168E+00   0.167E+00   0.901E-03   0.169E+00   0.158E+00   0.161E+01   0.295E-01   0.000E+00   0.000E+00   0.207E-02   0.293E-03   0.331E-03   0.481E-03   0.000E+00   0.767E-03
  5.87   0.000E+00   0.000E+00   0.177E+00   0.169E+00   0.168E+00   0.930E-03   0.170E+00   0.159E+00   0.156E+01   0.287E-01   0.000E+00   0.000E+00   0.197E-02   0.264E-03   0.341E-03   0.462E-03   0.000E+00   0.748E-03
  5.83   0.000E+00   0.000E+00   0.178E+00   0.169E+00   0.168E+00   0.959E-03   0.171E+00   0.160E+00   0.152E+01   0.279E-01   0.000E+00   0.000E+00   0.187E-02   0.238E-03   0.349E-03   0.444E-03   0.000E+00   0.730E-03
  5.80   0.000E+00   0.000E+00   0.178E+00   0.170E+00   0.169E+00   0.987E-03   0.171E+00   0.160E+00   0.148E+01   0.272E-01   0.000E+00   0.000E+00   0.178E-02   0.213E-03   0.358E-03   0.428E-03   0.000E+00   0.713E-03
  5.76   0.000E+00   0.000E+00   0.179E+00   0.171E+00   0.170E+00   0.101E-02   0.172E+00   0.161E+00   0.144E+01   0.265E-01   0.000E+00   0.000E+00   0.170E-02   0.190E-03   0.365E-03   0.412E-03   0.000E+00   0.698E-03
  5.73   0.000E+00   0.000E+00   0.180E+00   0.171E+00   0.170E+00   0.104E-02   0.172E+00   0.162E+00   0.140E+01   0.259E-01   0.000E+00   0.000E+00   0.162E-02   0.168E-03   0.372E-03   0.398E-03   0.000E+00   0.683E-03
  5.69   0.000E+00   0.000E+00   0.180E+00   0.172E+00   0.171E+00   0.107E-02   0.173E+00   0.162E+00   0.137E+01   0.253E-01   0.000E+00   0.000E+00   0.154E-02   0.148E-03   0.379E-03   0.384E-03   0.000E+00   0.670E-03
  5.66   0.000E+00   0.000E+00   0.181E+00   0.172E+00   0.171E+00   0.110E-02   0.174E+00   0.163E+00   0.133E+01   0.248E-01   0.000E+00   0.000E+00   0.147E-02   0.129E-03   0.386E-03   0.372E-03   0.000E+00   0.657E-03
  5.63   0.000E+00   0.000E+00   0.181E+00   0.173E+00   0.172E+00   0.112E-02   0.174E+00   0.163E+00   0.130E+01   0.242E-01   0.000E+00   0.000E+00   0.141E-02   0.111E-03   0.392E-03   0.360E-03   0.000E+00   0.645E-03
  5.60   0.000E+00   0.000E+00   0.182E+00   0.174E+00   0.172E+00   0.115E-02   0.175E+00   0.164E+00   0.127E+01   0.237E-01   0.000E+00   0.000E+00   0.134E-02   0.940E-04   0.397E-03   0.348E-03   0.000E+00   0.634E-03
  5.57   0.000E+00   0.000E+00   0.183E+00   0.174E+00   0.173E+00   0.118E-02   0.175E+00   0.164E+00   0.125E+01   0.233E-01   0.000E+00   0.000E+00   0.129E-02   0.780E-04   0.403E-03   0.338E-03   0.000E+00   0.623E-03
  5.54   0.000E+00   0.000E+00   0.183E+00   0.175E+00   0.173E+00   0.120E-02   0.176E+00   0.165E+00   0.122E+01   0.228E-01   0.000E+00   0.000E+00   0.123E-02   0.628E-04   0.408E-03   0.328E-03   0.000E+00   0.613E-03
  5.51   0.000E+00   0.000E+00   0.184E+00   0.175E+00   0.174E+00   0.123E-02   0.176E+00   0.166E+00   0.119E+01   0.224E-01   0.000E+00   0.000E+00   0.118E-02   0.484E-04   0.412E-03   0.318E-03   0.000E+00   0.604E-03
  5.48   0.000E+00   0.000E+00   0.184E+00   0.176E+00   0.174E+00   0.125E-02   0.177E+00   0.166E+00   0.117E+01   0.220E-01   0.000E+00   0.000E+00   0.113E-02   0.347E-04   0.417E-03   0.309E-03   0.000E+00   0.595E-03
  5.45   0.000E+00   0.000E+00   0.185E+00   0.176E+00   0.175E+00   0.128E-02   0.178E+00   0.167E+00   0.115E+01   0.216E-01   0.000E+00   0.000E+00   0.108E-02   0.217E-04   0.421E-03   0.300E-03   0.000E+00   0.586E-03
  5.42   0.000E+00   0.000E+00   0.185E+00   0.177E+00   0.176E+00   0.130E-02   0.178E+00   0.167E+00   0.113E+01   0.212E-01   0.000E+00   0.000E+00   0.103E-02   0.930E-05   0.425E-03   0.292E-03   0.000E+00   0.578E-03
  5.39   0.000E+00   0.000E+00   0.186E+00   0.177E+00   0.176E+00   0.133E-02   0.179E+00   0.168E+00   0.111E+01   0.209E-01   0.000E+00   0.000E+00   0.991E-03   0.000E+00   0.429E-03   0.284E-03   0.000E+00   0.570E-03
  5.37   0.000E+00   0.000E+00   0.186E+00   0.178E+00   0.177E+00   0.135E-02   0.179E+00   0.168E+00   0.109E+01   0.206E-01   0.000E+00   0.000E+00   0.949E-03   0.000E+00   0.433E-03   0.277E-03   0.000E+00   0.562E-03
  5.34   0.000E+00   0.000E+00   0.187E+00   0.178E+00   0.177E+00   0.138E-02   0.180E+00   0.169E+00   0.107E+01   0.202E-01   0.000E+00   0.000E+00   0.910E-03   0.000E+00   0.437E-03   0.269E-03   0.000E+00   0.555E-03
  5.31   0.000E+00   0.000E+00   0.187E+00   0.179E+00   0.178E+00   0.140E-02   0.180E+00   0.169E+00   0.105E+01   0.199E-01   0.000E+00   0.000E+00   0.872E-03   0.000E+00   0.440E-03   0.262E-03   0.000E+00   0.548E-03
  5.29   0.000E+00   0.000E+00   0.188E+00   0.179E+00   0.178E+00   0.143E-02   0.181E+00   0.170E+00   0.104E+01   0.197E-01   0.000E+00   0.000E+00   0.835E-03   0.000E+00   0.444E-03   0.256E-03   0.000E+00   0.542E-03
  5.26   0.000E+00   0.000E+00   0.189E+00   0.180E+00   0.179E+00   0.145E-02   0.181E+00   0.170E+00   0.102E+01   0.194E-01   0.000E+00   0.000E+00   0.801E-03   0.000E+00   0.447E-03   0.249E-03   0.000E+00   0.535E-03
  5.24   0.000E+00   0.000E+00   0.189E+00   0.180E+00   0.179E+00   0.147E-02   0.182E+00   0.171E+00   0.100E+01   0.191E-01   0.000E+00   0.000E+00   0.767E-03   0.000E+00   0.450E-03   0.243E-03   0.000E+00   0.529E-03
  5.22   0.000E+00   0.000E+00   0.190E+00   0.181E+00   0.179E+00   0.150E-02   0.182E+00   0.171E+00   0.989E+00   0.189E-01   0.000E+00   0.000E+00   0.735E-03   0.000E+00   0.453E-03   0.238E-03   0.000E+00   0.523E-03
  5.19   0.000E+00   0.000E+00   0.190E+00   0.181E+00   0.180E+00   0.152E-02   0.183E+00   0.172E+00   0.974E+00   0.186E-01   0.000E+00   0.000E+00   0.704E-03   0.000E+00   0.455E-03   0.232E-03   0.000E+00   0.518E-03
  5.17   0.000E+00   0.000E+00   0.191E+00   0.182E+00   0.180E+00   0.154E-02   0.183E+00   0.172E+00   0.960E+00   0.184E-01   0.000E+00   0.000E+00   0.674E-03   0.000E+00   0.458E-03   0.227E-03   0.000E+00   0.512E-03
  5.15   0.000E+00   0.000E+00   0.191E+00   0.182E+00   0.181E+00   0.156E-02   0.184E+00   0.173E+00   0.947E+00   0.181E-01   0.000E+00   0.000E+00   0.646E-03   0.000E+00   0.461E-03   0.221E-03   0.000E+00   0.507E-03
  5.12   0.000E+00   0.000E+00   0.192E+00   0.183E+00   0.181E+00   0.159E-02   0.184E+00   0.173E+00   0.934E+00   0.179E-01   0.000E+00   0.000E+00   0.618E-03   0.000E+00   0.463E-03   0.216E-03   0.000E+00   0.502E-03
  5.10   0.000E+00   0.000E+00   0.192E+00   0.183E+00   0.182E+00   0.161E-02   0.185E+00   0.174E+00   0.922E+00   0.177E-01   0.000E+00   0.000E+00   0.592E-03   0.000E+00   0.466E-03   0.212E-03   0.000E+00   0.497E-03
  5.08   0.000E+00   0.000E+00   0.193E+00   0.184E+00   0.182E+00   0.163E-02   0.185E+00   0.174E+00   0.910E+00   0.175E-01   0.000E+00   0.000E+00   0.566E-03   0.000E+00   0.468E-03   0.207E-03   0.000E+00   0.493E-03
  5.06   0.000E+00   0.000E+00   0.193E+00   0.184E+00   0.183E+00   0.165E-02   0.186E+00   0.175E+00   0.898E+00   0.173E-01   0.000E+00   0.000E+00   0.541E-03   0.000E+00   0.470E-03   0.202E-03   0.000E+00   0.488E-03
  5.04   0.000E+00   0.000E+00   0.194E+00   0.185E+00   0.183E+00   0.168E-02   0.186E+00   0.175E+00   0.887E+00   0.171E-01   0.000E+00   0.000E+00   0.517E-03   0.000E+00   0.472E-03   0.198E-03   0.000E+00   0.484E-03
  5.02   0.000E+00   0.000E+00   0.194E+00   0.185E+00   0.184E+00   0.170E-02   0.187E+00   0.176E+00   0.876E+00   0.169E-01   0.000E+00   0.000E+00   0.494E-03   0.000E+00   0.475E-03   0.194E-03   0.000E+00   0.479E-03
  5.00   0.000E+00   0.207E-04   0.194E+00   0.186E+00   0.184E+00   0.171E-02   0.187E+00   0.176E+00   0.868E+00   0.168E-01   0.000E+00   0.000E+00   0.477E-03   0.000E+00   0.477E-03   0.190E-03   0.000E+00   0.475E-03
  4.98   0.000E+00   0.209E-04   0.195E+00   0.186E+00   0.184E+00   0.169E-02   0.187E+00   0.176E+00   0.869E+00   0.169E-01   0.000E+00   0.000E+00   0.482E-03   0.000E+00   0.482E-03   0.187E-03   0.000E+00   0.468E-03
  4.96   0.000E+00   0.212E-04   0.195E+00   0.186E+00   0.184E+00   0.167E-02   0.187E+00   0.177E+00   0.869E+00   0.170E-01   0.000E+00   0.000E+00   0.488E-03   0.000E+00   0.488E-03   0.184E-03   0.000E+00   0.461E-03
  4.94   0.000E+00   0.214E-04   0.195E+00   0.186E+00   0.185E+00   0.165E-02   0.188E+00   0.177E+00   0.870E+00   0.171E-01   0.000E+00   0.000E+00   0.493E-03   0.000E+00   0.493E-03   0.181E-03   0.000E+00   0.453E-03
  4.92   0.000E+00   0.217E-04   0.195E+00   0.187E+00   0.185E+00   0.163E-02   0.188E+00   0.177E+00   0.871E+00   0.172E-01   0.000E+00   0.000E+00   0.499E-03   0.000E+00   0.499E-03   0.178E-03   0.000E+00   0.446E-03
  4.90   0.000E+00   0.219E-04   0.196E+00   0.187E+00   0.185E+00   0.161E-02   0.188E+00   0.177E+00   0.871E+00   0.173E-01   0.000E+00   0.000E+00   0.504E-03   0.000E+00   0.504E-03   0.175E-03   0.000E+00   0.438E-03
  4.88   0.000E+00   0.222E-04   0.196E+00   0.187E+00   0.185E+00   0.159E-02   0.188E+00   0.177E+00   0.872E+00   0.174E-01   0.000E+00   0.000E+00   0.510E-03   0.000E+00   0.510E-03   0.172E-03   0.000E+00   0.431E-03
  4.86   0.000E+00   0.224E-04   0.196E+00   0.187E+00   0.186E+00   0.157E-02   0.188E+00   0.178E+00   0.873E+00   0.175E-01   0.000E+00   0.000E+00   0.516E-03   0.000E+00   0.516E-03   0.169E-03   0.000E+00   0.423E-03
  4.84   0.000E+00   0.226E-04   0.196E+00   0.187E+00   0.186E+00   0.155E-02   0.188E+00   0.178E+00   0.873E+00   0.176E-01   0.610E-03   0.000E+00   0.522E-03   0.000E+00   0.522E-03   0.166E-03   0.000E+00   0.415E-03
  4.83   0.000E+00   0.229E-04   0.197E+00   0.187E+00   0.186E+00   0.153E-02   0.189E+00   0.178E+00   0.874E+00   0.177E-01   0.138E-01   0.000E+00   0.528E-03   0.000E+00   0.528E-03   0.163E-03   0.000E+00   0.407E-03
  4.81   0.000E+00   0.231E-04   0.197E+00   0.188E+00   0.186E+00   0.151E-02   0.189E+00   0.178E+00   0.875E+00   0.179E-01   0.273E-01   0.000E+00   0.534E-03   0.000E+00   0.534E-03   0.160E-03   0.000E+00   0.399E-03
  4.79   0.000E+00   0.233E-04   0.197E+00   0.188E+00   0.186E+00   0.149E-02   0.189E+00   0.178E+00   0.876E+00   0.180E-01   0.410E-01   0.000E+00   0.540E-03   0.000E+00   0.540E-03   0.156E-03   0.000E+00   0.391E-03
  4.77   0.000E+00   0.235E-04   0.197E+00   0.188E+00   0.187E+00   0.148E-02   0.189E+00   0.178E+00   0.876E+00   0.181E-01   0.549E-01   0.000E+00   0.547E-03   0.000E+00   0.547E-03   0.153E-03   0.000E+00   0.382E-03
  4.76   0.000E+00   0.238E-04   0.197E+00   0.188E+00   0.187E+00   0.146E-02   0.189E+00   0.179E+00   0.877E+00   0.182E-01   0.691E-01   0.000E+00   0.553E-03   0.000E+00   0.553E-03   0.149E-03   0.000E+00   0.374E-03
  4.74   0.000E+00   0.240E-04   0.198E+00   0.188E+00   0.187E+00   0.144E-02   0.190E+00   0.179E+00   0.878E+00   0.183E-01   0.836E-01   0.000E+00   0.560E-03   0.000E+00   0.560E-03   0.146E-03   0.000E+00   0.365E-03
  4.72   0.000E+00   0.242E-04   0.198E+00   0.189E+00   0.187E+00   0.142E-02   0.190E+00   0.179E+00   0.879E+00   0.185E-01   0.984E-01   0.000E+00   0.567E-03   0.000E+00   0.567E-03   0.142E-03   0.000E+00   0.356E-03
  4.71   0.000E+00   0.244E-04   0.198E+00   0.189E+00   0.187E+00   0.140E-02   0.190E+00   0.179E+00   0.880E+00   0.186E-01   0.114E+00   0.000E+00   0.574E-03   0.000E+00   0.574E-03   0.139E-03   0.000E+00   0.347E-03
  4.69   0.000E+00   0.246E-04   0.198E+00   0.189E+00   0.188E+00   0.138E-02   0.190E+00   0.179E+00   0.880E+00   0.187E-01   0.129E+00   0.000E+00   0.580E-03   0.000E+00   0.580E-03   0.135E-03   0.000E+00   0.337E-03
  4.67   0.000E+00   0.248E-04   0.199E+00   0.189E+00   0.188E+00   0.136E-02   0.190E+00   0.180E+00   0.881E+00   0.188E-01   0.145E+00   0.000E+00   0.588E-03   0.000E+00   0.588E-03   0.131E-03   0.000E+00   0.328E-03
  4.66   0.000E+00   0.250E-04   0.199E+00   0.189E+00   0.188E+00   0.135E-02   0.190E+00   0.180E+00   0.882E+00   0.190E-01   0.161E+00   0.000E+00   0.595E-03   0.000E+00   0.595E-03   0.127E-03   0.000E+00   0.318E-03
  4.64   0.000E+00   0.252E-04   0.199E+00   0.189E+00   0.188E+00   0.133E-02   0.191E+00   0.180E+00   0.883E+00   0.191E-01   0.177E+00   0.000E+00   0.602E-03   0.000E+00   0.602E-03   0.123E-03   0.000E+00   0.308E-03
  4.63   0.000E+00   0.254E-04   0.199E+00   0.190E+00   0.188E+00   0.131E-02   0.191E+00   0.180E+00   0.884E+00   0.193E-01   0.194E+00   0.000E+00   0.610E-03   0.000E+00   0.610E-03   0.119E-03   0.745E-06   0.298E-03
  4.61   0.000E+00   0.256E-04   0.199E+00   0.190E+00   0.189E+00   0.129E-02   0.191E+00   0.180E+00   0.885E+00   0.194E-01   0.211E+00   0.000E+00   0.618E-03   0.000E+00   0.618E-03   0.115E-03   0.218E-05   0.287E-03
  4.60   0.000E+00   0.258E-04   0.200E+00   0.190E+00   0.189E+00   0.128E-02   0.191E+00   0.180E+00   0.886E+00   0.196E-01   0.228E+00   0.000E+00   0.626E-03   0.000E+00   0.626E-03   0.111E-03   0.363E-05   0.277E-03
  4.58   0.000E+00   0.260E-04   0.200E+00   0.190E+00   0.189E+00   0.126E-02   0.191E+00   0.181E+00   0.887E+00   0.197E-01   0.246E+00   0.000E+00   0.634E-03   0.000E+00   0.634E-03   0.106E-03   0.513E-05   0.266E-03
  4.57   0.000E+00   0.262E-04   0.200E+00   0.190E+00   0.189E+00   0.124E-02   0.191E+00   0.181E+00   0.888E+00   0.199E-01   0.264E+00   0.000E+00   0.642E-03   0.000E+00   0.642E-03   0.102E-03   0.666E-05   0.255E-03
  4.55   0.000E+00   0.264E-04   0.200E+00   0.191E+00   0.189E+00   0.122E-02   0.192E+00   0.181E+00   0.889E+00   0.200E-01   0.283E+00   0.000E+00   0.651E-03   0.000E+00   0.651E-03   0.973E-04   0.822E-05   0.243E-03
  4.54   0.000E+00   0.265E-04   0.200E+00   0.191E+00   0.189E+00   0.121E-02   0.192E+00   0.181E+00   0.890E+00   0.202E-01   0.302E+00   0.000E+00   0.660E-03   0.000E+00   0.660E-03   0.927E-04   0.982E-05   0.232E-03
  4.53   0.000E+00   0.267E-04   0.201E+00   0.191E+00   0.190E+00   0.119E-02   0.192E+00   0.181E+00   0.891E+00   0.203E-01   0.321E+00   0.000E+00   0.668E-03   0.000E+00   0.668E-03   0.879E-04   0.114E-04   0.220E-03
  4.51   0.000E+00   0.269E-04   0.201E+00   0.191E+00   0.190E+00   0.117E-02   0.192E+00   0.181E+00   0.892E+00   0.205E-01   0.341E+00   0.000E+00   0.678E-03   0.000E+00   0.678E-03   0.831E-04   0.131E-04   0.208E-03
  4.50   0.000E+00   0.271E-04   0.201E+00   0.191E+00   0.190E+00   0.116E-02   0.192E+00   0.182E+00   0.893E+00   0.207E-01   0.362E+00   0.000E+00   0.687E-03   0.000E+00   0.687E-03   0.781E-04   0.148E-04   0.195E-03
  4.49   0.000E+00   0.272E-04   0.201E+00   0.191E+00   0.190E+00   0.114E-02   0.192E+00   0.182E+00   0.894E+00   0.209E-01   0.383E+00   0.000E+00   0.697E-03   0.000E+00   0.697E-03   0.730E-04   0.166E-04   0.182E-03
  4.47   0.000E+00   0.274E-04   0.201E+00   0.191E+00   0.190E+00   0.112E-02   0.193E+00   0.182E+00   0.896E+00   0.210E-01   0.404E+00   0.000E+00   0.706E-03   0.000E+00   0.706E-03   0.677E-04   0.184E-04   0.169E-03
  4.46   0.000E+00   0.276E-04   0.202E+00   0.192E+00   0.191E+00   0.110E-02   0.193E+00   0.182E+00   0.897E+00   0.212E-01   0.426E+00   0.000E+00   0.716E-03   0.000E+00   0.716E-03   0.624E-04   0.202E-04   0.156E-03
  4.45   0.000E+00   0.277E-04   0.202E+00   0.192E+00   0.191E+00   0.109E-02   0.193E+00   0.182E+00   0.898E+00   0.214E-01   0.449E+00   0.000E+00   0.727E-03   0.000E+00   0.727E-03   0.569E-04   0.221E-04   0.142E-03
  4.43   0.000E+00   0.279E-04   0.202E+00   0.192E+00   0.191E+00   0.107E-02   0.193E+00   0.182E+00   0.899E+00   0.216E-01   0.472E+00   0.000E+00   0.737E-03   0.000E+00   0.737E-03   0.513E-04   0.240E-04   0.128E-03
  4.42   0.000E+00   0.281E-04   0.202E+00   0.192E+00   0.191E+00   0.106E-02   0.193E+00   0.183E+00   0.901E+00   0.218E-01   0.495E+00   0.000E+00   0.748E-03   0.000E+00   0.748E-03   0.455E-04   0.260E-04   0.114E-03
  4.41   0.000E+00   0.282E-04   0.202E+00   0.192E+00   0.191E+00   0.104E-02   0.193E+00   0.183E+00   0.902E+00   0.220E-01   0.520E+00   0.000E+00   0.759E-03   0.000E+00   0.759E-03   0.396E-04   0.281E-04   0.989E-04
  4.39   0.000E+00   0.284E-04   0.203E+00   0.192E+00   0.191E+00   0.102E-02   0.194E+00   0.183E+00   0.903E+00   0.222E-01   0.545E+00   0.000E+00   0.770E-03   0.000E+00   0.770E-03   0.335E-04   0.301E-04   0.837E-04
  4.38   0.000E+00   0.286E-04   0.203E+00   0.193E+00   0.192E+00   0.101E-02   0.194E+00   0.183E+00   0.905E+00   0.224E-01   0.570E+00   0.000E+00   0.782E-03   0.000E+00   0.782E-03   0.273E-04   0.323E-04   0.681E-04
  4.37   0.000E+00   0.287E-04   0.203E+00   0.193E+00   0.192E+00   0.991E-03   0.194E+00   0.183E+00   0.906E+00   0.227E-01   0.596E+00   0.000E+00   0.794E-03   0.000E+00   0.794E-03   0.209E-04   0.345E-04   0.521E-04
  4.36   0.000E+00   0.289E-04   0.203E+00   0.193E+00   0.192E+00   0.975E-03   0.194E+00   0.183E+00   0.908E+00   0.229E-01   0.624E+00   0.000E+00   0.807E-03   0.000E+00   0.807E-03   0.143E-04   0.368E-04   0.356E-04
  4.35   0.000E+00   0.290E-04   0.203E+00   0.193E+00   0.192E+00   0.959E-03   0.194E+00   0.183E+00   0.909E+00   0.231E-01   0.651E+00   0.000E+00   0.819E-03   0.000E+00   0.819E-03   0.746E-05   0.391E-04   0.186E-04
  4.33   0.000E+00   0.292E-04   0.204E+00   0.193E+00   0.192E+00   0.943E-03   0.194E+00   0.184E+00   0.911E+00   0.234E-01   0.680E+00   0.000E+00   0.832E-03   0.000E+00   0.832E-03   0.504E-06   0.415E-04   0.126E-05
  4.32   0.000E+00   0.293E-04   0.204E+00   0.193E+00   0.192E+00   0.927E-03   0.194E+00   0.184E+00   0.912E+00   0.236E-01   0.709E+00   0.000E+00   0.846E-03   0.000E+00   0.846E-03   0.000E+00   0.440E-04   0.000E+00
  4.31   0.000E+00   0.295E-04   0.204E+00   0.194E+00   0.193E+00   0.912E-03   0.195E+00   0.184E+00   0.914E+00   0.239E-01   0.740E+00   0.000E+00   0.860E-03   0.000E+00   0.860E-03   0.000E+00   0.465E-04   0.000E+00
  4.30   0.000E+00   0.296E-04   0.204E+00   0.194E+00   0.193E+00   0.896E-03   0.195E+00   0.184E+00   0.916E+00   0.241E-01   0.771E+00   0.000E+00   0.874E-03   0.000E+00   0.874E-03   0.000E+00   0.491E-04   0.000E+00
  4.29   0.000E+00   0.297E-04   0.204E+00   0.194E+00   0.193E+00   0.881E-03   0.195E+00   0.184E+00   0.917E+00   0.244E-01   0.803E+00   0.000E+00   0.889E-03   0.000E+00   0.889E-03   0.000E+00   0.518E-04   0.000E+00
  4.28   0.000E+00   0.299E-04   0.204E+00   0.194E+00   0.193E+00   0.865E-03   0.195E+00   0.184E+00   0.919E+00   0.247E-01   0.836E+00   0.000E+00   0.904E-03   0.000E+00   0.904E-03   0.000E+00   0.546E-04   0.000E+00
  4.27   0.000E+00   0.300E-04   0.205E+00   0.194E+00   0.193E+00   0.850E-03   0.195E+00   0.185E+00   0.921E+00   0.250E-01   0.870E+00   0.000E+00   0.919E-03   0.000E+00   0.919E-03   0.000E+00   0.574E-04   0.000E+00
  4.25   0.000E+00   0.302E-04   0.205E+00   0.194E+00   0.193E+00   0.834E-03   0.195E+00   0.185E+00   0.923E+00   0.253E-01   0.906E+00   0.000E+00   0.936E-03   0.000E+00   0.936E-03   0.000E+00   0.604E-04   0.000E+00
  4.24   0.000E+00   0.303E-04   0.205E+00   0.194E+00   0.194E+00   0.819E-03   0.195E+00   0.185E+00   0.925E+00   0.256E-01   0.942E+00   0.000E+00   0.952E-03   0.000E+00   0.952E-03   0.000E+00   0.635E-04   0.000E+00
  4.23   0.000E+00   0.304E-04   0.205E+00   0.195E+00   0.194E+00   0.804E-03   0.196E+00   0.185E+00   0.927E+00   0.259E-01   0.980E+00   0.000E+00   0.969E-03   0.000E+00   0.969E-03   0.000E+00   0.666E-04   0.000E+00
  4.22   0.000E+00   0.306E-04   0.205E+00   0.195E+00   0.194E+00   0.789E-03   0.196E+00   0.185E+00   0.929E+00   0.262E-01   0.102E+01   0.000E+00   0.987E-03   0.000E+00   0.987E-03   0.000E+00   0.699E-04   0.000E+00
  4.21   0.000E+00   0.307E-04   0.206E+00   0.195E+00   0.194E+00   0.774E-03   0.196E+00   0.185E+00   0.932E+00   0.266E-01   0.106E+01   0.000E+00   0.101E-02   0.000E+00   0.101E-02   0.000E+00   0.732E-04   0.000E+00
  4.20   0.000E+00   0.308E-04   0.206E+00   0.195E+00   0.194E+00   0.759E-03   0.196E+00   0.185E+00   0.934E+00   0.269E-01   0.110E+01   0.000E+00   0.102E-02   0.000E+00   0.102E-02   0.000E+00   0.767E-04   0.000E+00
  4.19   0.000E+00   0.310E-04   0.206E+00   0.195E+00   0.194E+00   0.744E-03   0.196E+00   0.186E+00   0.936E+00   0.273E-01   0.114E+01   0.000E+00   0.104E-02   0.000E+00   0.104E-02   0.000E+00   0.803E-04   0.000E+00
  4.18   0.000E+00   0.311E-04   0.206E+00   0.195E+00   0.195E+00   0.729E-03   0.196E+00   0.186E+00   0.939E+00   0.277E-01   0.119E+01   0.000E+00   0.106E-02   0.000E+00   0.106E-02   0.000E+00   0.841E-04   0.000E+00
  4.17   0.000E+00   0.312E-04   0.206E+00   0.195E+00   0.195E+00   0.714E-03   0.196E+00   0.186E+00   0.941E+00   0.280E-01   0.123E+01   0.000E+00   0.109E-02   0.000E+00   0.109E-02   0.000E+00   0.880E-04   0.000E+00
  4.16   0.000E+00   0.314E-04   0.206E+00   0.196E+00   0.195E+00   0.700E-03   0.197E+00   0.186E+00   0.944E+00   0.285E-01   0.128E+01   0.000E+00   0.111E-02   0.000E+00   0.111E-02   0.000E+00   0.920E-04   0.000E+00
  4.15   0.000E+00   0.315E-04   0.207E+00   0.196E+00   0.195E+00   0.685E-03   0.197E+00   0.186E+00   0.947E+00   0.289E-01   0.133E+01   0.000E+00   0.113E-02   0.000E+00   0.113E-02   0.000E+00   0.962E-04   0.000E+00
  4.14   0.000E+00   0.316E-04   0.207E+00   0.196E+00   0.195E+00   0.670E-03   0.197E+00   0.186E+00   0.950E+00   0.293E-01   0.138E+01   0.000E+00   0.115E-02   0.000E+00   0.115E-02   0.000E+00   0.100E-03   0.000E+00
  4.13   0.000E+00   0.317E-04   0.207E+00   0.196E+00   0.195E+00   0.656E-03   0.197E+00   0.186E+00   0.952E+00   0.298E-01   0.144E+01   0.000E+00   0.118E-02   0.000E+00   0.118E-02   0.000E+00   0.105E-03   0.000E+00
  4.12   0.000E+00   0.319E-04   0.207E+00   0.196E+00   0.196E+00   0.642E-03   0.197E+00   0.187E+00   0.955E+00   0.302E-01   0.149E+01   0.000E+00   0.120E-02   0.000E+00   0.120E-02   0.000E+00   0.110E-03   0.000E+00
  4.11   0.000E+00   0.320E-04   0.207E+00   0.196E+00   0.196E+00   0.627E-03   0.197E+00   0.187E+00   0.959E+00   0.307E-01   0.155E+01   0.000E+00   0.123E-02   0.000E+00   0.123E-02   0.000E+00   0.115E-03   0.000E+00
  4.10   0.000E+00   0.321E-04   0.207E+00   0.196E+00   0.196E+00   0.613E-03   0.197E+00   0.187E+00   0.962E+00   0.312E-01   0.161E+01   0.000E+00   0.126E-02   0.000E+00   0.126E-02   0.000E+00   0.120E-03   0.000E+00
  4.09   0.000E+00   0.322E-04   0.208E+00   0.197E+00   0.196E+00   0.599E-03   0.198E+00   0.187E+00   0.966E+00   0.318E-01   0.168E+01   0.000E+00   0.129E-02   0.000E+00   0.129E-02   0.000E+00   0.125E-03   0.000E+00
  4.08   0.000E+00   0.323E-04   0.208E+00   0.197E+00   0.196E+00   0.584E-03   0.198E+00   0.187E+00   0.969E+00   0.323E-01   0.174E+01   0.000E+00   0.132E-02   0.000E+00   0.132E-02   0.000E+00   0.131E-03   0.000E+00
  4.07   0.000E+00   0.325E-04   0.208E+00   0.197E+00   0.196E+00   0.570E-03   0.198E+00   0.187E+00   0.973E+00   0.329E-01   0.181E+01   0.000E+00   0.135E-02   0.000E+00   0.135E-02   0.000E+00   0.136E-03   0.000E+00
  4.06   0.000E+00   0.326E-04   0.208E+00   0.197E+00   0.196E+00   0.556E-03   0.198E+00   0.187E+00   0.977E+00   0.335E-01   0.188E+01   0.000E+00   0.138E-02   0.000E+00   0.138E-02   0.000E+00   0.142E-03   0.000E+00
  4.05   0.000E+00   0.327E-04   0.208E+00   0.197E+00   0.197E+00   0.542E-03   0.198E+00   0.188E+00   0.981E+00   0.342E-01   0.196E+01   0.000E+00   0.142E-02   0.000E+00   0.142E-02   0.000E+00   0.149E-03   0.000E+00
  4.04   0.000E+00   0.328E-04   0.208E+00   0.197E+00   0.197E+00   0.528E-03   0.198E+00   0.188E+00   0.986E+00   0.349E-01   0.204E+01   0.000E+00   0.145E-02   0.000E+00   0.145E-02   0.000E+00   0.156E-03   0.000E+00
  4.04   0.000E+00   0.329E-04   0.209E+00   0.197E+00   0.197E+00   0.514E-03   0.198E+00   0.188E+00   0.990E+00   0.356E-01   0.212E+01   0.000E+00   0.149E-02   0.000E+00   0.149E-02   0.000E+00   0.162E-03   0.000E+00
  4.03   0.000E+00   0.330E-04   0.209E+00   0.198E+00   0.197E+00   0.500E-03   0.199E+00   0.188E+00   0.995E+00   0.363E-01   0.221E+01   0.000E+00   0.153E-02   0.000E+00   0.153E-02   0.000E+00   0.170E-03   0.000E+00
  4.02   0.000E+00   0.331E-04   0.209E+00   0.198E+00   0.197E+00   0.487E-03   0.199E+00   0.188E+00   0.100E+01   0.371E-01   0.230E+01   0.000E+00   0.157E-02   0.000E+00   0.157E-02   0.000E+00   0.178E-03   0.000E+00
  4.01   0.000E+00   0.332E-04   0.209E+00   0.198E+00   0.197E+00   0.473E-03   0.199E+00   0.188E+00   0.101E+01   0.379E-01   0.240E+01   0.000E+00   0.162E-02   0.000E+00   0.162E-02   0.000E+00   0.186E-03   0.000E+00
  4.00   0.000E+00   0.334E-04   0.209E+00   0.198E+00   0.198E+00   0.459E-03   0.199E+00   0.188E+00   0.101E+01   0.388E-01   0.251E+01   0.000E+00   0.167E-02   0.000E+00   0.167E-02   0.000E+00   0.194E-03   0.000E+00
  3.46   0.000E+00   0.402E-04   0.216E+00   0.203E+00   0.202E+00   0.110E-02   0.205E+00   0.194E+00   0.474E+00   0.182E-01   0.129E+01   0.000E+00   0.946E-03   0.000E+00   0.946E-03   0.000E+00   0.863E-04   0.330E-03
  3.12   0.000E+00   0.444E-04   0.222E+00   0.207E+00   0.205E+00   0.162E-02   0.209E+00   0.199E+00   0.351E+00   0.135E-01   0.101E+01   0.177E-01   0.782E-03   0.000E+00   0.782E-03   0.000E+00   0.617E-04   0.658E-03
  2.88   0.000E+00   0.516E-04   0.231E+00   0.215E+00   0.213E+00   0.163E-02   0.218E+00   0.207E+00   0.366E+00   0.144E-01   0.105E+01   0.210E-01   0.666E-03   0.000E+00   0.666E-03   0.000E+00   0.752E-04   0.666E-03
  2.70   0.000E+00   0.597E-04   0.242E+00   0.226E+00   0.225E+00   0.127E-02   0.229E+00   0.219E+00   0.479E+00   0.193E-01   0.131E+01   0.171E-01   0.479E-03   0.324E-03   0.479E-03   0.000E+00   0.124E-03   0.479E-03
  2.56   0.000E+00   0.658E-04   0.252E+00   0.236E+00   0.236E+00   0.953E-03   0.239E+00   0.229E+00   0.654E+00   0.270E-01   0.172E+01   0.112E-01   0.191E-03   0.133E-02   0.191E-03   0.000E+00   0.200E-03   0.191E-03
  2.44   0.000E+00   0.706E-04   0.263E+00   0.247E+00   0.246E+00   0.941E-03   0.249E+00   0.239E+00   0.670E+00   0.283E-01   0.168E+01   0.125E-01   0.000E+00   0.156E-02   0.000E+00   0.316E-07   0.195E-03   0.000E+00
  2.34   0.000E+00   0.743E-04   0.274E+00   0.258E+00   0.257E+00   0.116E-02   0.260E+00   0.250E+00   0.548E+00   0.237E-01   0.130E+01   0.189E-01   0.000E+00   0.102E-02   0.000E+00   0.257E-07   0.127E-03   0.000E+00
  2.25   0.000E+00   0.773E-04   0.283E+00   0.268E+00   0.267E+00   0.136E-02   0.270E+00   0.260E+00   0.469E+00   0.207E-01   0.105E+01   0.231E-01   0.000E+00   0.671E-03   0.000E+00   0.219E-07   0.839E-04   0.000E+00
  2.18   0.000E+00   0.797E-04   0.293E+00   0.277E+00   0.276E+00   0.155E-02   0.279E+00   0.270E+00   0.414E+00   0.186E-01   0.880E+00   0.259E-01   0.000E+00   0.427E-03   0.384E-07   0.000E+00   0.534E-04   0.000E+00
  2.11   0.000E+00   0.818E-04   0.301E+00   0.286E+00   0.284E+00   0.172E-02   0.288E+00   0.279E+00   0.373E+00   0.170E-01   0.753E+00   0.281E-01   0.000E+00   0.246E-03   0.345E-07   0.172E-07   0.307E-04   0.000E+00
  2.05   0.000E+00   0.835E-04   0.310E+00   0.295E+00   0.293E+00   0.189E-02   0.297E+00   0.287E+00   0.341E+00   0.158E-01   0.654E+00   0.298E-01   0.000E+00   0.105E-03   0.314E-07   0.157E-07   0.131E-04   0.000E+00
  2.00   0.000E+00   0.856E-04   0.318E+00   0.303E+00   0.300E+00   0.203E-02   0.305E+00   0.296E+00   0.319E+00   0.150E-01   0.581E+00   0.315E-01   0.912E-05   0.000E+00   0.292E-07   0.600E-06   0.152E-06   0.000E+00
  1.95   0.000E+00   0.101E-03   0.324E+00   0.309E+00   0.307E+00   0.189E-02   0.311E+00   0.302E+00   0.339E+00   0.161E-01   0.591E+00   0.389E-01   0.144E-03   0.000E+00   0.157E-07   0.964E-05   0.241E-05   0.000E+00
  1.90   0.000E+00   0.115E-03   0.330E+00   0.315E+00   0.314E+00   0.176E-02   0.318E+00   0.309E+00   0.361E+00   0.172E-01   0.601E+00   0.471E-01   0.293E-03   0.000E+00   0.000E+00   0.196E-04   0.489E-05   0.000E+00
  1.86   0.000E+00   0.128E-03   0.335E+00   0.321E+00   0.320E+00   0.164E-02   0.324E+00   0.315E+00   0.386E+00   0.185E-01   0.613E+00   0.562E-01   0.459E-03   0.000E+00   0.000E+00   0.306E-04   0.765E-05   0.000E+00
  1.82   0.000E+00   0.139E-03   0.341E+00   0.327E+00   0.326E+00   0.152E-02   0.329E+00   0.321E+00   0.414E+00   0.200E-01   0.626E+00   0.663E-01   0.644E-03   0.000E+00   0.196E-07   0.430E-04   0.107E-04   0.000E+00
  1.79   0.000E+00   0.150E-03   0.346E+00   0.333E+00   0.331E+00   0.140E-02   0.335E+00   0.326E+00   0.445E+00   0.216E-01   0.641E+00   0.778E-01   0.853E-03   0.000E+00   0.212E-07   0.569E-04   0.142E-04   0.000E+00
  1.76   0.000E+00   0.159E-03   0.351E+00   0.338E+00   0.337E+00   0.129E-02   0.340E+00   0.332E+00   0.481E+00   0.234E-01   0.658E+00   0.908E-01   0.109E-02   0.000E+00   0.230E-07   0.727E-04   0.182E-04   0.000E+00
  1.73   0.000E+00   0.168E-03   0.356E+00   0.343E+00   0.342E+00   0.118E-02   0.346E+00   0.337E+00   0.521E+00   0.256E-01   0.677E+00   0.106E+00   0.136E-02   0.000E+00   0.000E+00   0.909E-04   0.227E-04   0.000E+00
  1.70   0.000E+00   0.175E-03   0.361E+00   0.348E+00   0.347E+00   0.108E-02   0.351E+00   0.342E+00   0.565E+00   0.279E-01   0.695E+00   0.123E+00   0.166E-02   0.000E+00   0.000E+00   0.111E-03   0.277E-04   0.000E+00
  1.67   0.000E+00   0.182E-03   0.367E+00   0.354E+00   0.353E+00   0.118E-02   0.357E+00   0.349E+00   0.523E+00   0.260E-01   0.616E+00   0.131E+00   0.155E-02   0.000E+00   0.000E+00   0.103E-03   0.258E-04   0.000E+00
  1.65   0.000E+00   0.189E-03   0.373E+00   0.360E+00   0.358E+00   0.128E-02   0.363E+00   0.355E+00   0.489E+00   0.245E-01   0.550E+00   0.139E+00   0.145E-02   0.000E+00   0.000E+00   0.968E-04   0.242E-04   0.000E+00
  1.62   0.000E+00   0.195E-03   0.379E+00   0.365E+00   0.364E+00   0.137E-02   0.369E+00   0.360E+00   0.461E+00   0.232E-01   0.496E+00   0.145E+00   0.137E-02   0.000E+00   0.000E+00   0.915E-04   0.229E-04   0.000E+00
  1.60   0.000E+00   0.200E-03   0.384E+00   0.370E+00   0.369E+00   0.147E-02   0.374E+00   0.366E+00   0.436E+00   0.221E-01   0.449E+00   0.150E+00   0.131E-02   0.000E+00   0.000E+00   0.870E-04   0.218E-04   0.000E+00
  1.58   0.000E+00   0.205E-03   0.390E+00   0.375E+00   0.374E+00   0.155E-02   0.380E+00   0.372E+00   0.416E+00   0.212E-01   0.409E+00   0.154E+00   0.125E-02   0.000E+00   0.000E+00   0.832E-04   0.208E-04   0.000E+00
  1.56   0.000E+00   0.210E-03   0.395E+00   0.380E+00   0.379E+00   0.164E-02   0.385E+00   0.377E+00   0.397E+00   0.203E-01   0.374E+00   0.158E+00   0.120E-02   0.000E+00   0.000E+00   0.798E-04   0.199E-04   0.000E+00
  1.54   0.000E+00   0.214E-03   0.400E+00   0.385E+00   0.383E+00   0.173E-02   0.391E+00   0.383E+00   0.381E+00   0.196E-01   0.343E+00   0.161E+00   0.115E-02   0.000E+00   0.000E+00   0.768E-04   0.192E-04   0.000E+00
  1.52   0.000E+00   0.218E-03   0.405E+00   0.390E+00   0.388E+00   0.181E-02   0.396E+00   0.388E+00   0.367E+00   0.190E-01   0.316E+00   0.165E+00   0.111E-02   0.000E+00   0.164E-07   0.742E-04   0.185E-04   0.000E+00
  1.50   0.000E+00   0.222E-03   0.410E+00   0.394E+00   0.393E+00   0.189E-02   0.401E+00   0.393E+00   0.354E+00   0.184E-01   0.291E+00   0.167E+00   0.108E-02   0.000E+00   0.000E+00   0.718E-04   0.180E-04   0.000E+00
  1.49   0.000E+00   0.225E-03   0.416E+00   0.399E+00   0.397E+00   0.197E-02   0.407E+00   0.399E+00   0.349E+00   0.183E-01   0.262E+00   0.207E+00   0.105E-02   0.000E+00   0.000E+00   0.697E-04   0.174E-04   0.000E+00
  1.47   0.000E+00   0.228E-03   0.421E+00   0.403E+00   0.401E+00   0.205E-02   0.414E+00   0.406E+00   0.346E+00   0.182E-01   0.235E+00   0.250E+00   0.102E-02   0.000E+00   0.145E-07   0.678E-04   0.169E-04   0.000E+00
  1.45   0.000E+00   0.231E-03   0.426E+00   0.408E+00   0.406E+00   0.213E-02   0.420E+00   0.412E+00   0.343E+00   0.181E-01   0.210E+00   0.289E+00   0.990E-03   0.000E+00   0.000E+00   0.660E-04   0.165E-04   0.000E+00
  1.44   0.000E+00   0.234E-03   0.432E+00   0.412E+00   0.410E+00   0.220E-02   0.426E+00   0.419E+00   0.341E+00   0.181E-01   0.188E+00   0.325E+00   0.966E-03   0.000E+00   0.135E-07   0.644E-04   0.161E-04   0.000E+00
  1.42   0.000E+00   0.237E-03   0.437E+00   0.416E+00   0.414E+00   0.227E-02   0.433E+00   0.425E+00   0.338E+00   0.180E-01   0.167E+00   0.358E+00   0.945E-03   0.000E+00   0.131E-07   0.630E-04   0.157E-04   0.000E+00
  1.41   0.000E+00   0.239E-03   0.442E+00   0.421E+00   0.418E+00   0.235E-02   0.439E+00   0.431E+00   0.336E+00   0.180E-01   0.148E+00   0.389E+00   0.924E-03   0.000E+00   0.127E-07   0.616E-04   0.154E-04   0.000E+00
  1.40   0.000E+00   0.241E-03   0.447E+00   0.425E+00   0.422E+00   0.242E-02   0.445E+00   0.437E+00   0.334E+00   0.179E-01   0.130E+00   0.417E+00   0.906E-03   0.000E+00   0.123E-07   0.604E-04   0.151E-04   0.000E+00
  1.38   0.000E+00   0.243E-03   0.452E+00   0.429E+00   0.426E+00   0.249E-02   0.450E+00   0.443E+00   0.332E+00   0.179E-01   0.114E+00   0.443E+00   0.888E-03   0.000E+00   0.000E+00   0.592E-04   0.148E-04   0.000E+00
  1.37   0.000E+00   0.245E-03   0.456E+00   0.433E+00   0.430E+00   0.256E-02   0.456E+00   0.449E+00   0.330E+00   0.178E-01   0.982E-01   0.467E+00   0.872E-03   0.000E+00   0.116E-07   0.582E-04   0.145E-04   0.000E+00
  1.36   0.000E+00   0.247E-03   0.461E+00   0.436E+00   0.434E+00   0.263E-02   0.462E+00   0.455E+00   0.329E+00   0.178E-01   0.840E-01   0.489E+00   0.857E-03   0.000E+00   0.000E+00   0.572E-04   0.143E-04   0.000E+00
  1.35   0.000E+00   0.248E-03   0.466E+00   0.440E+00   0.438E+00   0.269E-02   0.467E+00   0.460E+00   0.327E+00   0.178E-01   0.707E-01   0.510E+00   0.843E-03   0.000E+00   0.110E-07   0.562E-04   0.141E-04   0.000E+00
  1.34   0.000E+00   0.250E-03   0.470E+00   0.444E+00   0.441E+00   0.276E-02   0.473E+00   0.466E+00   0.326E+00   0.177E-01   0.582E-01   0.530E+00   0.830E-03   0.000E+00   0.000E+00   0.553E-04   0.138E-04   0.000E+00
  1.33   0.000E+00   0.251E-03   0.475E+00   0.448E+00   0.445E+00   0.282E-02   0.478E+00   0.471E+00   0.324E+00   0.177E-01   0.465E-01   0.549E+00   0.818E-03   0.000E+00   0.105E-07   0.545E-04   0.136E-04   0.000E+00
  1.32   0.000E+00   0.252E-03   0.479E+00   0.451E+00   0.448E+00   0.289E-02   0.484E+00   0.477E+00   0.323E+00   0.177E-01   0.354E-01   0.566E+00   0.806E-03   0.000E+00   0.103E-07   0.537E-04   0.134E-04   0.000E+00
  1.31   0.000E+00   0.253E-03   0.484E+00   0.455E+00   0.452E+00   0.295E-02   0.489E+00   0.482E+00   0.322E+00   0.176E-01   0.250E-01   0.583E+00   0.795E-03   0.000E+00   0.101E-07   0.530E-04   0.133E-04   0.000E+00
  1.30   0.000E+00   0.255E-03   0.488E+00   0.458E+00   0.455E+00   0.298E-02   0.493E+00   0.486E+00   0.321E+00   0.176E-01   0.191E-01   0.590E+00   0.781E-03   0.000E+00   0.997E-08   0.537E-04   0.130E-04   0.000E+00
  1.29   0.000E+00   0.256E-03   0.491E+00   0.462E+00   0.459E+00   0.297E-02   0.496E+00   0.489E+00   0.320E+00   0.177E-01   0.180E-01   0.586E+00   0.763E-03   0.000E+00   0.200E-07   0.560E-04   0.127E-04   0.000E+00
  1.28   0.000E+00   0.257E-03   0.494E+00   0.465E+00   0.462E+00   0.296E-02   0.498E+00   0.492E+00   0.320E+00   0.177E-01   0.169E-01   0.583E+00   0.746E-03   0.000E+00   0.100E-07   0.583E-04   0.124E-04   0.000E+00
  1.27   0.000E+00   0.258E-03   0.497E+00   0.468E+00   0.465E+00   0.295E-02   0.501E+00   0.495E+00   0.319E+00   0.177E-01   0.158E-01   0.579E+00   0.728E-03   0.000E+00   0.101E-07   0.605E-04   0.121E-04   0.000E+00
  1.26   0.000E+00   0.258E-03   0.500E+00   0.471E+00   0.468E+00   0.295E-02   0.504E+00   0.497E+00   0.319E+00   0.177E-01   0.146E-01   0.576E+00   0.711E-03   0.000E+00   0.202E-07   0.628E-04   0.118E-04   0.202E-07
  1.25   0.000E+00   0.259E-03   0.503E+00   0.474E+00   0.471E+00   0.294E-02   0.506E+00   0.500E+00   0.318E+00   0.177E-01   0.135E-01   0.573E+00   0.693E-03   0.000E+00   0.101E-07   0.650E-04   0.116E-04   0.000E+00
  1.24   0.000E+00   0.260E-03   0.506E+00   0.477E+00   0.474E+00   0.293E-02   0.509E+00   0.503E+00   0.318E+00   0.178E-01   0.124E-01   0.569E+00   0.676E-03   0.000E+00   0.203E-07   0.672E-04   0.113E-04   0.203E-07
  1.23   0.000E+00   0.261E-03   0.509E+00   0.480E+00   0.477E+00   0.292E-02   0.512E+00   0.505E+00   0.317E+00   0.178E-01   0.114E-01   0.566E+00   0.659E-03   0.000E+00   0.102E-07   0.694E-04   0.110E-04   0.000E+00
  1.22   0.000E+00   0.261E-03   0.512E+00   0.483E+00   0.480E+00   0.292E-02   0.514E+00   0.508E+00   0.317E+00   0.178E-01   0.103E-01   0.563E+00   0.642E-03   0.000E+00   0.000E+00   0.715E-04   0.107E-04   0.000E+00
  1.22   0.000E+00   0.262E-03   0.514E+00   0.486E+00   0.483E+00   0.291E-02   0.517E+00   0.510E+00   0.316E+00   0.178E-01   0.920E-02   0.560E+00   0.625E-03   0.000E+00   0.102E-07   0.737E-04   0.104E-04   0.000E+00
  1.21   0.000E+00   0.262E-03   0.517E+00   0.488E+00   0.485E+00   0.290E-02   0.519E+00   0.513E+00   0.316E+00   0.178E-01   0.814E-02   0.556E+00   0.609E-03   0.000E+00   0.102E-07   0.758E-04   0.101E-04   0.000E+00
  1.20   0.000E+00   0.263E-03   0.520E+00   0.491E+00   0.488E+00   0.289E-02   0.522E+00   0.515E+00   0.315E+00   0.178E-01   0.708E-02   0.553E+00   0.592E-03   0.000E+00   0.000E+00   0.780E-04   0.986E-05   0.000E+00
  1.19   0.000E+00   0.263E-03   0.523E+00   0.494E+00   0.491E+00   0.289E-02   0.524E+00   0.518E+00   0.315E+00   0.179E-01   0.602E-02   0.550E+00   0.575E-03   0.000E+00   0.000E+00   0.801E-04   0.959E-05   0.000E+00
  1.19   0.000E+00   0.264E-03   0.525E+00   0.497E+00   0.494E+00   0.288E-02   0.526E+00   0.520E+00   0.314E+00   0.179E-01   0.498E-02   0.547E+00   0.559E-03   0.000E+00   0.000E+00   0.822E-04   0.932E-05   0.000E+00
  1.18   0.000E+00   0.264E-03   0.528E+00   0.499E+00   0.497E+00   0.287E-02   0.529E+00   0.523E+00   0.314E+00   0.179E-01   0.393E-02   0.544E+00   0.543E-03   0.000E+00   0.000E+00   0.843E-04   0.904E-05   0.000E+00
  1.17   0.000E+00   0.264E-03   0.531E+00   0.502E+00   0.499E+00   0.286E-02   0.531E+00   0.525E+00   0.313E+00   0.179E-01   0.290E-02   0.541E+00   0.526E-03   0.000E+00   0.000E+00   0.864E-04   0.877E-05   0.000E+00
  1.17   0.000E+00   0.264E-03   0.533E+00   0.505E+00   0.502E+00   0.286E-02   0.534E+00   0.527E+00   0.313E+00   0.179E-01   0.187E-02   0.538E+00   0.510E-03   0.000E+00   0.104E-07   0.884E-04   0.850E-05   0.000E+00
  1.16   0.000E+00   0.265E-03   0.536E+00   0.507E+00   0.505E+00   0.285E-02   0.536E+00   0.530E+00   0.312E+00   0.179E-01   0.845E-03   0.535E+00   0.494E-03   0.000E+00   0.000E+00   0.905E-04   0.824E-05   0.000E+00
  1.15   0.000E+00   0.265E-03   0.538E+00   0.510E+00   0.507E+00   0.284E-02   0.538E+00   0.532E+00   0.312E+00   0.180E-01   0.000E+00   0.531E+00   0.478E-03   0.000E+00   0.000E+00   0.925E-04   0.797E-05   0.000E+00
  1.15   0.000E+00   0.265E-03   0.541E+00   0.513E+00   0.510E+00   0.284E-02   0.540E+00   0.534E+00   0.311E+00   0.180E-01   0.000E+00   0.528E+00   0.462E-03   0.000E+00   0.105E-07   0.946E-04   0.770E-05   0.000E+00
  1.14   0.000E+00   0.265E-03   0.544E+00   0.515E+00   0.512E+00   0.283E-02   0.543E+00   0.537E+00   0.311E+00   0.180E-01   0.000E+00   0.525E+00   0.446E-03   0.000E+00   0.000E+00   0.966E-04   0.744E-05   0.000E+00
  1.14   0.000E+00   0.265E-03   0.546E+00   0.518E+00   0.515E+00   0.282E-02   0.545E+00   0.539E+00   0.310E+00   0.180E-01   0.000E+00   0.522E+00   0.431E-03   0.000E+00   0.105E-07   0.986E-04   0.718E-05   0.000E+00
  1.13   0.000E+00   0.265E-03   0.548E+00   0.520E+00   0.517E+00   0.282E-02   0.547E+00   0.541E+00   0.310E+00   0.180E-01   0.000E+00   0.519E+00   0.415E-03   0.000E+00   0.105E-07   0.101E-03   0.692E-05   0.000E+00
  1.12   0.000E+00   0.265E-03   0.551E+00   0.523E+00   0.520E+00   0.281E-02   0.549E+00   0.543E+00   0.309E+00   0.180E-01   0.000E+00   0.516E+00   0.399E-03   0.000E+00   0.000E+00   0.103E-03   0.666E-05   0.000E+00
  1.12   0.000E+00   0.265E-03   0.553E+00   0.525E+00   0.522E+00   0.280E-02   0.551E+00   0.545E+00   0.309E+00   0.181E-01   0.000E+00   0.513E+00   0.384E-03   0.000E+00   0.000E+00   0.105E-03   0.640E-05   0.000E+00
  1.11   0.000E+00   0.265E-03   0.556E+00   0.528E+00   0.525E+00   0.280E-02   0.554E+00   0.548E+00   0.308E+00   0.181E-01   0.000E+00   0.510E+00   0.368E-03   0.000E+00   0.106E-07   0.107E-03   0.614E-05   0.000E+00
  1.11   0.000E+00   0.265E-03   0.558E+00   0.530E+00   0.527E+00   0.279E-02   0.556E+00   0.550E+00   0.308E+00   0.181E-01   0.000E+00   0.508E+00   0.353E-03   0.000E+00   0.000E+00   0.109E-03   0.588E-05   0.000E+00
  1.10   0.000E+00   0.265E-03   0.561E+00   0.532E+00   0.530E+00   0.278E-02   0.558E+00   0.552E+00   0.307E+00   0.181E-01   0.000E+00   0.505E+00   0.338E-03   0.000E+00   0.000E+00   0.111E-03   0.563E-05   0.000E+00
  1.10   0.000E+00   0.265E-03   0.563E+00   0.535E+00   0.532E+00   0.278E-02   0.560E+00   0.554E+00   0.307E+00   0.181E-01   0.000E+00   0.502E+00   0.322E-03   0.252E-05   0.107E-07   0.113E-03   0.537E-05   0.000E+00
  1.09   0.000E+00   0.264E-03   0.565E+00   0.537E+00   0.534E+00   0.277E-02   0.562E+00   0.556E+00   0.307E+00   0.181E-01   0.000E+00   0.499E+00   0.307E-03   0.602E-05   0.000E+00   0.114E-03   0.512E-05   0.000E+00
  1.09   0.000E+00   0.264E-03   0.567E+00   0.539E+00   0.537E+00   0.277E-02   0.564E+00   0.558E+00   0.306E+00   0.182E-01   0.000E+00   0.496E+00   0.292E-03   0.951E-05   0.000E+00   0.116E-03   0.487E-05   0.000E+00
  1.08   0.000E+00   0.264E-03   0.570E+00   0.542E+00   0.539E+00   0.276E-02   0.566E+00   0.560E+00   0.306E+00   0.182E-01   0.000E+00   0.493E+00   0.277E-03   0.130E-04   0.000E+00   0.118E-03   0.462E-05   0.000E+00
  1.08   0.000E+00   0.264E-03   0.572E+00   0.544E+00   0.541E+00   0.275E-02   0.568E+00   0.562E+00   0.305E+00   0.182E-01   0.000E+00   0.490E+00   0.262E-03   0.165E-04   0.000E+00   0.120E-03   0.437E-05   0.000E+00
  1.07   0.000E+00   0.264E-03   0.574E+00   0.546E+00   0.544E+00   0.275E-02   0.570E+00   0.564E+00   0.305E+00   0.182E-01   0.000E+00   0.487E+00   0.247E-03   0.199E-04   0.108E-07   0.122E-03   0.412E-05   0.000E+00
  1.07   0.000E+00   0.263E-03   0.576E+00   0.549E+00   0.546E+00   0.274E-02   0.572E+00   0.566E+00   0.304E+00   0.182E-01   0.000E+00   0.484E+00   0.232E-03   0.234E-04   0.000E+00   0.124E-03   0.387E-05   0.000E+00
  1.06   0.000E+00   0.263E-03   0.579E+00   0.551E+00   0.548E+00   0.274E-02   0.574E+00   0.568E+00   0.304E+00   0.182E-01   0.000E+00   0.481E+00   0.217E-03   0.268E-04   0.109E-07   0.126E-03   0.362E-05   0.000E+00
  1.06   0.000E+00   0.263E-03   0.581E+00   0.553E+00   0.550E+00   0.273E-02   0.576E+00   0.570E+00   0.303E+00   0.182E-01   0.000E+00   0.479E+00   0.202E-03   0.302E-04   0.109E-07   0.128E-03   0.337E-05   0.218E-07
  1.05   0.000E+00   0.263E-03   0.583E+00   0.555E+00   0.553E+00   0.272E-02   0.578E+00   0.572E+00   0.303E+00   0.183E-01   0.000E+00   0.476E+00   0.188E-03   0.336E-04   0.109E-07   0.130E-03   0.313E-05   0.000E+00
  1.05   0.000E+00   0.262E-03   0.585E+00   0.558E+00   0.555E+00   0.272E-02   0.580E+00   0.574E+00   0.303E+00   0.183E-01   0.000E+00   0.473E+00   0.173E-03   0.370E-04   0.109E-07   0.132E-03   0.288E-05   0.000E+00
  1.04   0.000E+00   0.262E-03   0.587E+00   0.560E+00   0.557E+00   0.271E-02   0.582E+00   0.576E+00   0.302E+00   0.183E-01   0.000E+00   0.470E+00   0.158E-03   0.404E-04   0.000E+00   0.134E-03   0.264E-05   0.000E+00
  1.04   0.000E+00   0.262E-03   0.589E+00   0.562E+00   0.559E+00   0.271E-02   0.584E+00   0.578E+00   0.302E+00   0.183E-01   0.000E+00   0.467E+00   0.144E-03   0.438E-04   0.000E+00   0.135E-03   0.240E-05   0.000E+00
  1.04   0.000E+00   0.261E-03   0.592E+00   0.564E+00   0.561E+00   0.270E-02   0.585E+00   0.580E+00   0.301E+00   0.183E-01   0.000E+00   0.465E+00   0.129E-03   0.471E-04   0.110E-07   0.137E-03   0.215E-05   0.000E+00
  1.03   0.000E+00   0.261E-03   0.594E+00   0.566E+00   0.563E+00   0.270E-02   0.587E+00   0.582E+00   0.301E+00   0.183E-01   0.000E+00   0.462E+00   0.115E-03   0.505E-04   0.110E-07   0.139E-03   0.191E-05   0.000E+00
  1.03   0.000E+00   0.260E-03   0.596E+00   0.568E+00   0.566E+00   0.269E-02   0.589E+00   0.584E+00   0.300E+00   0.184E-01   0.000E+00   0.459E+00   0.100E-03   0.538E-04   0.000E+00   0.141E-03   0.167E-05   0.000E+00
  1.02   0.000E+00   0.260E-03   0.598E+00   0.570E+00   0.568E+00   0.269E-02   0.591E+00   0.586E+00   0.300E+00   0.184E-01   0.000E+00   0.456E+00   0.857E-04   0.571E-04   0.111E-07   0.143E-03   0.143E-05   0.000E+00
  1.02   0.000E+00   0.260E-03   0.600E+00   0.572E+00   0.570E+00   0.268E-02   0.593E+00   0.587E+00   0.299E+00   0.184E-01   0.000E+00   0.454E+00   0.714E-04   0.605E-04   0.000E+00   0.145E-03   0.119E-05   0.000E+00
  1.02   0.000E+00   0.259E-03   0.602E+00   0.575E+00   0.572E+00   0.267E-02   0.595E+00   0.589E+00   0.299E+00   0.184E-01   0.000E+00   0.451E+00   0.571E-04   0.638E-04   0.111E-07   0.147E-03   0.952E-06   0.000E+00
  1.01   0.000E+00   0.259E-03   0.604E+00   0.577E+00   0.574E+00   0.267E-02   0.596E+00   0.591E+00   0.299E+00   0.184E-01   0.000E+00   0.448E+00   0.427E-04   0.671E-04   0.111E-07   0.148E-03   0.712E-06   0.000E+00
  1.01   0.000E+00   0.258E-03   0.606E+00   0.579E+00   0.576E+00   0.266E-02   0.598E+00   0.593E+00   0.298E+00   0.184E-01   0.000E+00   0.445E+00   0.285E-04   0.703E-04   0.000E+00   0.150E-03   0.474E-06   0.000E+00
  1.00   0.000E+00   0.258E-03   0.608E+00   0.581E+00   0.578E+00   0.266E-02   0.600E+00   0.595E+00   0.298E+00   0.184E-01   0.000E+00   0.443E+00   0.143E-04   0.736E-04   0.112E-07   0.152E-03   0.237E-06   0.000E+00
  1.00   0.000E+00   0.257E-03   0.610E+00   0.583E+00   0.580E+00   0.265E-02   0.602E+00   0.597E+00   0.297E+00   0.185E-01   0.000E+00   0.440E+00   0.672E-07   0.769E-04   0.000E+00   0.154E-03   0.140E-08   0.000E+00
  1.00   0.000E+00   0.257E-03   0.611E+00   0.584E+00   0.582E+00   0.254E-02   0.603E+00   0.598E+00   0.307E+00   0.191E-01   0.000E+00   0.443E+00   0.234E-07   0.747E-04   0.117E-07   0.149E-03   0.733E-06   0.000E+00
  0.99   0.000E+00   0.257E-03   0.612E+00   0.586E+00   0.584E+00   0.243E-02   0.604E+00   0.599E+00   0.318E+00   0.197E-01   0.000E+00   0.447E+00   0.000E+00   0.722E-04   0.000E+00   0.144E-03   0.153E-05   0.000E+00
  0.99   0.000E+00   0.256E-03   0.614E+00   0.588E+00   0.585E+00   0.233E-02   0.605E+00   0.600E+00   0.329E+00   0.205E-01   0.000E+00   0.450E+00   0.000E+00   0.696E-04   0.000E+00   0.139E-03   0.239E-05   0.000E+00
  0.99   0.000E+00   0.256E-03   0.615E+00   0.589E+00   0.587E+00   0.222E-02   0.606E+00   0.601E+00   0.342E+00   0.213E-01   0.000E+00   0.455E+00   0.000E+00   0.667E-04   0.000E+00   0.133E-03   0.334E-05   0.000E+00
  0.98   0.000E+00   0.256E-03   0.616E+00   0.591E+00   0.589E+00   0.211E-02   0.607E+00   0.602E+00   0.355E+00   0.221E-01   0.000E+00   0.459E+00   0.000E+00   0.635E-04   0.000E+00   0.127E-03   0.437E-05   0.000E+00
  0.98   0.000E+00   0.255E-03   0.617E+00   0.592E+00   0.590E+00   0.200E-02   0.608E+00   0.603E+00   0.370E+00   0.231E-01   0.000E+00   0.464E+00   0.000E+00   0.600E-04   0.000E+00   0.120E-03   0.551E-05   0.000E+00
  0.98   0.000E+00   0.255E-03   0.619E+00   0.594E+00   0.592E+00   0.190E-02   0.609E+00   0.604E+00   0.387E+00   0.241E-01   0.000E+00   0.470E+00   0.000E+00   0.561E-04   0.000E+00   0.112E-03   0.677E-05   0.000E+00
  0.97   0.000E+00   0.254E-03   0.620E+00   0.596E+00   0.594E+00   0.179E-02   0.610E+00   0.605E+00   0.406E+00   0.253E-01   0.000E+00   0.476E+00   0.331E-07   0.518E-04   0.166E-07   0.104E-03   0.817E-05   0.000E+00
  0.97   0.000E+00   0.254E-03   0.621E+00   0.597E+00   0.595E+00   0.169E-02   0.611E+00   0.606E+00   0.426E+00   0.266E-01   0.000E+00   0.483E+00   0.352E-07   0.470E-04   0.176E-07   0.940E-04   0.973E-05   0.000E+00
  0.97   0.000E+00   0.254E-03   0.622E+00   0.599E+00   0.597E+00   0.158E-02   0.612E+00   0.607E+00   0.450E+00   0.281E-01   0.000E+00   0.491E+00   0.000E+00   0.416E-04   0.000E+00   0.832E-04   0.115E-04   0.000E+00
  0.96   0.000E+00   0.253E-03   0.624E+00   0.600E+00   0.599E+00   0.148E-02   0.613E+00   0.608E+00   0.476E+00   0.298E-01   0.000E+00   0.499E+00   0.000E+00   0.355E-04   0.000E+00   0.709E-04   0.135E-04   0.000E+00
  0.96   0.000E+00   0.253E-03   0.625E+00   0.602E+00   0.600E+00   0.138E-02   0.614E+00   0.608E+00   0.506E+00   0.317E-01   0.000E+00   0.510E+00   0.000E+00   0.285E-04   0.000E+00   0.569E-04   0.157E-04   0.000E+00
  0.96   0.000E+00   0.252E-03   0.626E+00   0.603E+00   0.602E+00   0.128E-02   0.615E+00   0.609E+00   0.541E+00   0.339E-01   0.000E+00   0.521E+00   0.000E+00   0.204E-04   0.000E+00   0.408E-04   0.184E-04   0.000E+00
  0.95   0.000E+00   0.252E-03   0.627E+00   0.605E+00   0.604E+00   0.117E-02   0.615E+00   0.610E+00   0.582E+00   0.365E-01   0.000E+00   0.535E+00   0.506E-07   0.110E-04   0.253E-07   0.220E-04   0.214E-04   0.000E+00
  0.95   0.000E+00   0.252E-03   0.628E+00   0.606E+00   0.605E+00   0.107E-02   0.616E+00   0.611E+00   0.630E+00   0.395E-01   0.000E+00   0.551E+00   0.000E+00   0.000E+00   0.000E+00   0.000E+00   0.250E-04   0.000E+00
  0.95   0.000E+00   0.251E-03   0.629E+00   0.608E+00   0.607E+00   0.972E-03   0.617E+00   0.612E+00   0.687E+00   0.431E-01   0.000E+00   0.570E+00   0.000E+00   0.000E+00   0.000E+00   0.000E+00   0.294E-04   0.000E+00
  0.94   0.000E+00   0.251E-03   0.631E+00   0.609E+00   0.608E+00   0.873E-03   0.618E+00   0.613E+00   0.758E+00   0.476E-01   0.000E+00   0.593E+00   0.000E+00   0.000E+00   0.000E+00   0.000E+00   0.347E-04   0.000E+00
  0.94   0.000E+00   0.250E-03   0.632E+00   0.611E+00   0.610E+00   0.773E-03   0.619E+00   0.614E+00   0.846E+00   0.532E-01   0.000E+00   0.623E+00   0.000E+00   0.000E+00   0.384E-07   0.000E+00   0.413E-04   0.000E+00
  0.94   0.000E+00   0.250E-03   0.633E+00   0.612E+00   0.612E+00   0.675E-03   0.620E+00   0.615E+00   0.959E+00   0.603E-01   0.000E+00   0.661E+00   0.000E+00   0.000E+00   0.000E+00   0.000E+00   0.499E-04   0.000E+00
  0.94   0.000E+00   0.249E-03   0.634E+00   0.614E+00   0.613E+00   0.576E-03   0.621E+00   0.616E+00   0.111E+01   0.699E-01   0.000E+00   0.711E+00   0.000E+00   0.000E+00   0.515E-07   0.000E+00   0.613E-04   0.000E+00
  0.93   0.000E+00   0.249E-03   0.635E+00   0.615E+00   0.615E+00   0.479E-03   0.622E+00   0.617E+00   0.132E+01   0.833E-01   0.000E+00   0.782E+00   0.000E+00   0.000E+00   0.000E+00   0.000E+00   0.772E-04   0.000E+00
  0.93   0.000E+00   0.248E-03   0.636E+00   0.617E+00   0.616E+00   0.382E-03   0.623E+00   0.618E+00   0.164E+01   0.103E+00   0.000E+00   0.888E+00   0.156E-06   0.000E+00   0.156E-06   0.000E+00   0.101E-03   0.778E-07
  0.93   0.000E+00   0.248E-03   0.637E+00   0.618E+00   0.618E+00   0.285E-03   0.624E+00   0.619E+00   0.217E+01   0.137E+00   0.000E+00   0.106E+01   0.000E+00   0.000E+00   0.000E+00   0.000E+00   0.141E-03   0.000E+00
  0.92   0.000E+00   0.247E-03   0.638E+00   0.620E+00   0.619E+00   0.189E-03   0.625E+00   0.620E+00   0.324E+01   0.205E+00   0.000E+00   0.142E+01   0.000E+00   0.000E+00   0.000E+00   0.000E+00   0.222E-03   0.000E+00
  0.92   0.000E+00   0.247E-03   0.640E+00   0.621E+00   0.621E+00   0.935E-04   0.625E+00   0.621E+00   0.648E+01   0.409E+00   0.000E+00   0.250E+01   0.127E-05   0.000E+00   0.318E-06   0.000E+00   0.466E-03   0.318E-06
  0.92   0.000E+00   0.246E-03   0.641E+00   0.622E+00   0.622E+00   0.000E+00   0.626E+00   0.621E+00   0.000E+00   0.000E+00   0.000E+00   0.000E+00   0.000E+00   0.000E+00   0.000E+00   0.000E+00   0.000E+00   0.000E+00
  0.92   0.000E+00   0.246E-03   0.642E+00   0.624E+00   0.624E+00   0.000E+00   0.627E+00   0.622E+00   0.000E+00   0.000E+00   0.000E+00   0.000E+00   0.000E+00   0.000E+00   0.000E+00   0.000E+00   0.000E+00   0.000E+00
  0.91   0.000E+00   0.245E-03   0.643E+00   0.625E+00   0.625E+00   0.000E+00   0.628E+00   0.623E+00   0.000E+00   0.000E+00   0.000E+00   0.000E+00   0.000E+00   0.000E+00   0.000E+00   0.000E+00   0.000E+00   0.000E+00
  0.91   0.000E+00   0.245E-03   0.644E+00   0.627E+00   0.627E+00   0.000E+00   0.629E+00   0.624E+00   0.000E+00   0.000E+00   0.000E+00   0.000E+00   0.000E+00   0.000E+00   0.000E+00   0.000E+00   0.000E+00   0.000E+00
  0.91   0.000E+00   0.244E-03   0.645E+00   0.628E+00   0.628E+00   0.000E+00   0.630E+00   0.625E+00   0.000E+00   0.000E+00   0.000E+00   0.000E+00   0.000E+00   0.000E+00   0.000E+00   0.000E+00   0.000E+00   0.000E+00
  0.91   0.000E+00   0.244E-03   0.646E+00   0.629E+00   0.630E+00   0.000E+00   0.631E+00   0.626E+00   0.000E+00   0.000E+00   0.000E+00   0.000E+00   0.000E+00   0.000E+00   0.000E+00   0.000E+00   0.000E+00   0.000E+00
  0.90   0.000E+00   0.243E-03   0.647E+00   0.631E+00   0.631E+00   0.000E+00   0.632E+00   0.627E+00   0.000E+00   0.000E+00   0.000E+00   0.000E+00   0.000E+00   0.000E+00   0.000E+00   0.000E+00   0.000E+00   0.000E+00
  0.90   0.000E+00   0.243E-03   0.648E+00   0.632E+00   0.633E+00   0.000E+00   0.632E+00   0.628E+00   0.000E+00   0.000E+00   0.000E+00   0.000E+00   0.000E+00   0.000E+00   0.000E+00   0.000E+00   0.000E+00   0.000E+00
  0.90   0.000E+00   0.242E-03   0.649E+00   0.634E+00   0.634E+00   0.000E+00   0.633E+00   0.628E+00   0.000E+00   0.000E+00   0.000E+00   0.000E+00   0.000E+00   0.000E+00   0.000E+00   0.000E+00   0.000E+00   0.000E+00
  0.90   0.000E+00   0.242E-03   0.650E+00   0.635E+00   0.636E+00   0.000E+00   0.634E+00   0.629E+00   0.000E+00   0.000E+00   0.000E+00   0.000E+00   0.000E+00   0.000E+00   0.000E+00   0.000E+00   0.000E+00   0.000E+00
  0.89   0.000E+00   0.241E-03   0.652E+00   0.636E+00   0.637E+00   0.000E+00   0.635E+00   0.630E+00   0.000E+00   0.000E+00   0.000E+00   0.000E+00   0.000E+00   0.000E+00   0.000E+00   0.000E+00   0.000E+00   0.000E+00
  0.89   0.000E+00   0.241E-03   0.653E+00   0.638E+00   0.639E+00   0.000E+00   0.636E+00   0.631E+00   0.000E+00   0.000E+00   0.000E+00   0.000E+00   0.000E+00   0.000E+00   0.000E+00   0.000E+00   0.000E+00   0.000E+00
  0.89   0.000E+00   0.240E-03   0.654E+00   0.639E+00   0.640E+00   0.000E+00   0.637E+00   0.632E+00   0.000E+00   0.000E+00   0.000E+00   0.000E+00   0.000E+00   0.000E+00   0.000E+00   0.000E+00   0.000E+00   0.000E+00
  0.89   0.000E+00   0.240E-03   0.655E+00   0.641E+00   0.642E+00   0.000E+00   0.638E+00   0.633E+00   0.000E+00   0.000E+00   0.000E+00   0.000E+00   0.000E+00   0.000E+00   0.000E+00   0.000E+00   0.000E+00   0.000E+00
  0.88   0.000E+00   0.239E-03   0.656E+00   0.642E+00   0.643E+00   0.000E+00   0.639E+00   0.634E+00   0.000E+00   0.000E+00   0.000E+00   0.000E+00   0.000E+00   0.000E+00   0.000E+00   0.000E+00   0.000E+00   0.000E+00
  0.88   0.000E+00   0.239E-03   0.657E+00   0.643E+00   0.644E+00   0.000E+00   0.639E+00   0.635E+00   0.000E+00   0.000E+00   0.000E+00   0.000E+00   0.000E+00   0.000E+00   0.000E+00   0.000E+00   0.000E+00   0.000E+00
  0.88   0.000E+00   0.238E-03   0.658E+00   0.645E+00   0.646E+00   0.000E+00   0.640E+00   0.636E+00   0.000E+00   0.000E+00   0.000E+00   0.000E+00   0.000E+00   0.000E+00   0.000E+00   0.000E+00   0.000E+00   0.000E+00
  0.88   0.000E+00   0.237E-03   0.659E+00   0.646E+00   0.647E+00   0.000E+00   0.641E+00   0.636E+00   0.000E+00   0.000E+00   0.000E+00   0.000E+00   0.000E+00   0.000E+00   0.000E+00   0.000E+00   0.000E+00   0.000E+00
  0.87   0.000E+00   0.237E-03   0.660E+00   0.647E+00   0.649E+00   0.000E+00   0.642E+00   0.637E+00   0.000E+00   0.000E+00   0.000E+00   0.000E+00   0.000E+00   0.000E+00   0.000E+00   0.000E+00   0.000E+00   0.000E+00
  0.87   0.000E+00   0.236E-03   0.661E+00   0.649E+00   0.650E+00   0.000E+00   0.643E+00   0.638E+00   0.000E+00   0.000E+00   0.000E+00   0.000E+00   0.000E+00   0.000E+00   0.000E+00   0.000E+00   0.000E+00   0.000E+00
  0.87   0.000E+00   0.236E-03   0.662E+00   0.650E+00   0.651E+00   0.000E+00   0.644E+00   0.639E+00   0.000E+00   0.000E+00   0.000E+00   0.000E+00   0.000E+00   0.000E+00   0.000E+00   0.000E+00   0.000E+00   0.000E+00
  0.87   0.000E+00   0.235E-03   0.663E+00   0.652E+00   0.653E+00   0.000E+00   0.645E+00   0.640E+00   0.000E+00   0.000E+00   0.000E+00   0.000E+00   0.000E+00   0.000E+00   0.000E+00   0.000E+00   0.000E+00   0.000E+00
  0.87   0.000E+00   0.235E-03   0.664E+00   0.653E+00   0.654E+00   0.000E+00   0.645E+00   0.641E+00   0.000E+00   0.000E+00   0.000E+00   0.000E+00   0.000E+00   0.000E+00   0.000E+00   0.000E+00   0.000E+00   0.000E+00
  0.86   0.000E+00   0.234E-03   0.665E+00   0.654E+00   0.655E+00   0.000E+00   0.646E+00   0.642E+00   0.000E+00   0.000E+00   0.000E+00   0.000E+00   0.000E+00   0.000E+00   0.000E+00   0.000E+00   0.000E+00   0.000E+00
  0.86   0.000E+00   0.234E-03   0.666E+00   0.655E+00   0.657E+00   0.000E+00   0.647E+00   0.642E+00   0.000E+00   0.000E+00   0.000E+00   0.000E+00   0.000E+00   0.000E+00   0.000E+00   0.000E+00   0.000E+00   0.000E+00
  0.86   0.000E+00   0.233E-03   0.667E+00   0.657E+00   0.658E+00   0.000E+00   0.648E+00   0.643E+00   0.000E+00   0.000E+00   0.000E+00   0.000E+00   0.000E+00   0.000E+00   0.000E+00   0.000E+00   0.000E+00   0.000E+00
  0.86   0.000E+00   0.232E-03   0.668E+00   0.658E+00   0.660E+00   0.000E+00   0.649E+00   0.644E+00   0.000E+00   0.000E+00   0.000E+00   0.000E+00   0.000E+00   0.000E+00   0.000E+00   0.000E+00   0.000E+00   0.000E+00
  0.86   0.000E+00   0.232E-03   0.669E+00   0.659E+00   0.661E+00   0.000E+00   0.650E+00   0.645E+00   0.000E+00   0.000E+00   0.000E+00   0.000E+00   0.000E+00   0.000E+00   0.000E+00   0.000E+00   0.000E+00   0.000E+00
  0.85   0.000E+00   0.231E-03   0.670E+00   0.661E+00   0.662E+00   0.000E+00   0.650E+00   0.646E+00   0.000E+00   0.000E+00   0.000E+00   0.000E+00   0.000E+00   0.000E+00   0.000E+00   0.000E+00   0.000E+00   0.000E+00
  0.85   0.000E+00   0.231E-03   0.671E+00   0.662E+00   0.664E+00   0.000E+00   0.651E+00   0.647E+00   0.000E+00   0.000E+00   0.000E+00   0.000E+00   0.000E+00   0.000E+00   0.000E+00   0.000E+00   0.000E+00   0.000E+00
  0.85   0.000E+00   0.230E-03   0.672E+00   0.663E+00   0.665E+00   0.000E+00   0.652E+00   0.647E+00   0.000E+00   0.000E+00   0.000E+00   0.000E+00   0.000E+00   0.000E+00   0.000E+00   0.000E+00   0.000E+00   0.000E+00
  0.85   0.000E+00   0.230E-03   0.673E+00   0.665E+00   0.666E+00   0.000E+00   0.653E+00   0.648E+00   0.000E+00   0.000E+00   0.000E+00   0.000E+00   0.000E+00   0.000E+00   0.000E+00   0.000E+00   0.000E+00   0.000E+00
  0.85   0.000E+00   0.229E-03   0.674E+00   0.666E+00   0.667E+00   0.000E+00   0.654E+00   0.649E+00   0.000E+00   0.000E+00   0.000E+00   0.000E+00   0.000E+00   0.000E+00   0.000E+00   0.000E+00   0.000E+00   0.000E+00
  0.84   0.000E+00   0.228E-03   0.675E+00   0.667E+00   0.669E+00   0.000E+00   0.654E+00   0.650E+00   0.000E+00   0.000E+00   0.000E+00   0.000E+00   0.000E+00   0.000E+00   0.000E+00   0.000E+00   0.000E+00   0.000E+00
  0.84   0.000E+00   0.228E-03   0.676E+00   0.668E+00   0.670E+00   0.000E+00   0.655E+00   0.651E+00   0.000E+00   0.000E+00   0.000E+00   0.000E+00   0.000E+00   0.000E+00   0.000E+00   0.000E+00   0.000E+00   0.000E+00
  0.84   0.000E+00   0.227E-03   0.677E+00   0.670E+00   0.671E+00   0.000E+00   0.656E+00   0.652E+00   0.000E+00   0.000E+00   0.000E+00   0.000E+00   0.000E+00   0.000E+00   0.000E+00   0.000E+00   0.000E+00   0.000E+00
  0.84   0.000E+00   0.227E-03   0.678E+00   0.671E+00   0.673E+00   0.000E+00   0.657E+00   0.652E+00   0.000E+00   0.000E+00   0.000E+00   0.000E+00   0.000E+00   0.000E+00   0.000E+00   0.000E+00   0.000E+00   0.000E+00
  0.84   0.000E+00   0.226E-03   0.679E+00   0.672E+00   0.674E+00   0.000E+00   0.658E+00   0.653E+00   0.000E+00   0.000E+00   0.000E+00   0.000E+00   0.000E+00   0.000E+00   0.000E+00   0.000E+00   0.000E+00   0.000E+00
