  164   82  161
 0.10057226E-02  13.28
 1.0000000E+02 1.0000000E+02     1
 1.0000000E+02 1.0000000E+02     2
 1.0000000E+02 1.0000000E+02     3
 1.0000000E+02 6.6688812E+01     4
 6.6688812E+01 4.5976540E+01     5
 4.5976540E+01 3.3928730E+01     6
 3.3928730E+01 2.6241560E+01     7
 2.6241560E+01 2.1005659E+01     8
 2.1005659E+01 1.7261644E+01     9
 1.7261644E+01 1.4481703E+01    10
 1.4481703E+01 1.2354691E+01    11
 1.2354691E+01 1.0686880E+01    12
 1.0686880E+01 9.8909674E+00    13
 9.8909674E+00 9.6326151E+00    14
 9.6326151E+00 9.3981647E+00    15
 9.3981647E+00 9.1840200E+00    16
 9.1840200E+00 8.9873075E+00    17
 8.9873075E+00 8.8057032E+00    18
 8.8057032E+00 8.6372986E+00    19
 8.6372986E+00 8.4805126E+00    20
 8.4805126E+00 8.3340187E+00    21
 8.3340187E+00 8.1966991E+00    22
 8.1966991E+00 8.0675993E+00    23
 8.0675993E+00 7.9459000E+00    24
 7.9459000E+00 7.8308945E+00    25
 7.8308945E+00 7.7219687E+00    26
 7.7219687E+00 7.6185851E+00    27
 7.6185851E+00 7.5202713E+00    28
 7.5202713E+00 7.4266109E+00    29
 7.4266109E+00 7.3372335E+00    30
 7.3372335E+00 7.2518110E+00    31
 7.2518110E+00 7.1700487E+00    32
 7.1700487E+00 7.0916820E+00    33
 7.0916820E+00 7.0164738E+00    34
 7.0164738E+00 6.9442091E+00    35
 6.9442091E+00 6.8746934E+00    36
 6.8746934E+00 6.8077502E+00    37
 6.8077502E+00 6.7432184E+00    38
 6.7432184E+00 6.6809511E+00    39
 6.6809511E+00 6.6208138E+00    40
 6.6208138E+00 6.5626831E+00    41
 6.5626831E+00 6.5064449E+00    42
 6.5064449E+00 6.4519954E+00    43
 6.4519954E+00 6.3992381E+00    44
 6.3992381E+00 6.3480835E+00    45
 6.3480835E+00 6.2984486E+00    46
 6.2984486E+00 6.2502565E+00    47
 6.2502565E+00 6.2034369E+00    48
 6.2034369E+00 6.1579223E+00    49
 6.1579223E+00 6.1136513E+00    50
 6.1136513E+00 6.0705657E+00    51
 6.0705657E+00 6.0286117E+00    52
 6.0286117E+00 5.9877391E+00    53
 5.9877391E+00 5.9478993E+00    54
 5.9478993E+00 5.9090486E+00    55
 5.9090486E+00 5.8711448E+00    56
 5.8711448E+00 5.8341489E+00    57
 5.8341489E+00 5.7980232E+00    58
 5.7980232E+00 5.7627330E+00    59
 5.7627330E+00 5.7282457E+00    60
 5.7282457E+00 5.6945295E+00    61
 5.6945295E+00 5.6615553E+00    62
 5.6615553E+00 5.6292953E+00    63
 5.6292953E+00 5.5977225E+00    64
 5.5977225E+00 5.5668125E+00    65
 5.5668125E+00 5.5365410E+00    66
 5.5365410E+00 5.5068860E+00    67
 5.5068860E+00 5.4778256E+00    68
 5.4778256E+00 5.4493394E+00    69
 5.4493394E+00 5.4214077E+00    70
 5.4214077E+00 5.3940125E+00    71
 5.3940125E+00 5.3671365E+00    72
 5.3671365E+00 5.3407617E+00    73
 5.3407617E+00 5.3148732E+00    74
 5.3148732E+00 5.2894549E+00    75
 5.2894549E+00 5.2644925E+00    76
 5.2644925E+00 5.2399721E+00    77
 5.2399721E+00 5.2158799E+00    78
 5.2158799E+00 5.1922035E+00    79
 5.1922035E+00 5.1689301E+00    80
 5.1689301E+00 5.1460485E+00    81
 5.1460485E+00 5.1235471E+00    82
 5.1235471E+00 5.1014147E+00    83
 5.1014147E+00 5.0796413E+00    84
 5.0796413E+00 5.0582170E+00    85
 5.0582170E+00 5.0371323E+00    86
 5.0371323E+00 5.0163774E+00    87
 5.0163774E+00 4.9959440E+00    88
 4.9959440E+00 4.9758234E+00    89
 4.9758234E+00 4.9560070E+00    90
 4.9560070E+00 4.9364872E+00    91
 4.9364872E+00 4.9172564E+00    92
 4.9172564E+00 4.8983073E+00    93
 4.8983073E+00 4.8796329E+00    94
 4.8796329E+00 4.8612256E+00    95
 4.8612256E+00 4.8430800E+00    96
 4.8430800E+00 4.8251891E+00    97
 4.8251891E+00 4.8075466E+00    98
 4.8075466E+00 4.7901464E+00    99
 4.7901464E+00 4.7729836E+00   100
 4.7729836E+00 4.7560520E+00   101
 4.7560520E+00 4.7393465E+00   102
 4.7393465E+00 4.7228618E+00   103
 4.7228618E+00 4.7065926E+00   104
 4.7065926E+00 4.6905346E+00   105
 4.6905346E+00 4.6746826E+00   106
 4.6746826E+00 4.6590323E+00   107
 4.6590323E+00 4.6435795E+00   108
 4.6435795E+00 4.6283197E+00   109
 4.6283197E+00 4.6132483E+00   110
 4.6132483E+00 4.5983620E+00   111
 4.5983620E+00 4.5836568E+00   112
 4.5836568E+00 4.5691285E+00   113
 4.5691285E+00 4.5547733E+00   114
 4.5547733E+00 4.5405884E+00   115
 4.5405884E+00 4.5265698E+00   116
 4.5265698E+00 4.5127144E+00   117
 4.5127144E+00 4.4990187E+00   118
 4.4990187E+00 4.4854794E+00   119
 4.4854794E+00 4.4720941E+00   120
 4.4720941E+00 4.4588590E+00   121
 4.4588590E+00 4.4457717E+00   122
 4.4457717E+00 4.4328289E+00   123
 4.4328289E+00 4.4200282E+00   124
 4.4200282E+00 4.4073672E+00   125
 4.4073672E+00 4.3948426E+00   126
 4.3948426E+00 4.3824520E+00   127
 4.3824520E+00 4.3701935E+00   128
 4.3701935E+00 4.3580642E+00   129
 4.3580642E+00 4.3460617E+00   130
 4.3460617E+00 4.3341837E+00   131
 4.3341837E+00 4.3224287E+00   132
 4.3224287E+00 4.3107934E+00   133
 4.3107934E+00 4.2992764E+00   134
 4.2992764E+00 4.2878757E+00   135
 4.2878757E+00 4.2765884E+00   136
 4.2765884E+00 4.2654138E+00   137
 4.2654138E+00 4.2543492E+00   138
 4.2543492E+00 4.2433925E+00   139
 4.2433925E+00 4.2325430E+00   140
 4.2325430E+00 4.2217975E+00   141
 4.2217975E+00 4.2111549E+00   142
 4.2111549E+00 4.2006140E+00   143
 4.2006140E+00 4.1901727E+00   144
 4.1901727E+00 4.1798291E+00   145
 4.1798291E+00 4.1695819E+00   146
 4.1695819E+00 4.1594296E+00   147
 4.1594296E+00 4.1493702E+00   148
 4.1493702E+00 4.1394029E+00   149
 4.1394029E+00 4.1295261E+00   150
 4.1295261E+00 4.1197381E+00   151
 4.1197381E+00 4.1100378E+00   152
 4.1100378E+00 4.1004238E+00   153
 4.1004238E+00 4.0908942E+00   154
 4.0908942E+00 4.0814486E+00   155
 4.0814486E+00 4.0720854E+00   156
 4.0720854E+00 4.0628033E+00   157
 4.0628033E+00 4.0536008E+00   158
 4.0536008E+00 4.0444775E+00   159
 4.0444775E+00 4.0354314E+00   160
 4.0354314E+00 4.0264616E+00   161
 4.0264616E+00 4.0175672E+00   162
 4.0175672E+00 4.0087471E+00   163
 4.0087471E+00 4.0000000E+00   164
 4.0000000E+00 4.0000000E+00     1
 4.0000000E+00 4.0000000E+00     2
 4.0000000E+00 3.4607503E+00     3
 3.4607503E+00 3.1228368E+00     4
 3.1228368E+00 2.8836236E+00     5
 2.8836236E+00 2.7018394E+00     6
 2.7018394E+00 2.5571134E+00     7
 2.5571134E+00 2.4380274E+00     8
 2.4380274E+00 2.3375978E+00     9
 2.3375978E+00 2.2512712E+00    10
 2.2512712E+00 2.1759291E+00    11
 2.1759291E+00 2.1093509E+00    12
 2.1093509E+00 2.0499053E+00    13
 2.0499053E+00 1.9963619E+00    14
 1.9963619E+00 1.9477719E+00    15
 1.9477719E+00 1.9033903E+00    16
 1.9033903E+00 1.8626218E+00    17
 1.8626218E+00 1.8249842E+00    18
 1.8249842E+00 1.7900822E+00    19
 1.7900822E+00 1.7575883E+00    20
 1.7575883E+00 1.7272274E+00    21
 1.7272274E+00 1.6987679E+00    22
 1.6987679E+00 1.6720119E+00    23
 1.6720119E+00 1.6467897E+00    24
 1.6467897E+00 1.6229548E+00    25
 1.6229548E+00 1.6003799E+00    26
 1.6003799E+00 1.5789535E+00    27
 1.5789535E+00 1.5585780E+00    28
 1.5585780E+00 1.5391668E+00    29
 1.5391668E+00 1.5206435E+00    30
 1.5206435E+00 1.5029396E+00    31
 1.5029396E+00 1.4859943E+00    32
 1.4859943E+00 1.4697528E+00    33
 1.4697528E+00 1.4541658E+00    34
 1.4541658E+00 1.4391890E+00    35
 1.4391890E+00 1.4247819E+00    36
 1.4247819E+00 1.4109079E+00    37
 1.4109079E+00 1.3975337E+00    38
 1.3975337E+00 1.3846288E+00    39
 1.3846288E+00 1.3721652E+00    40
 1.3721652E+00 1.3601177E+00    41
 1.3601177E+00 1.3484623E+00    42
 1.3484623E+00 1.3371776E+00    43
 1.3371776E+00 1.3262436E+00    44
 1.3262436E+00 1.3156418E+00    45
 1.3156418E+00 1.3053550E+00    46
 1.3053550E+00 1.2953672E+00    47
 1.2953672E+00 1.2856637E+00    48
 1.2856637E+00 1.2762308E+00    49
 1.2762308E+00 1.2670557E+00    50
 1.2670557E+00 1.2581263E+00    51
 1.2581263E+00 1.2494313E+00    52
 1.2494313E+00 1.2409604E+00    53
 1.2409604E+00 1.2327036E+00    54
 1.2327036E+00 1.2246517E+00    55
 1.2246517E+00 1.2167962E+00    56
 1.2167962E+00 1.2091287E+00    57
 1.2091287E+00 1.2016417E+00    58
 1.2016417E+00 1.1943278E+00    59
 1.1943278E+00 1.1871803E+00    60
 1.1871803E+00 1.1801927E+00    61
 1.1801927E+00 1.1733587E+00    62
 1.1733587E+00 1.1666728E+00    63
 1.1666728E+00 1.1601294E+00    64
 1.1601294E+00 1.1537232E+00    65
 1.1537232E+00 1.1474495E+00    66
 1.1474495E+00 1.1413034E+00    67
 1.1413034E+00 1.1352806E+00    68
 1.1352806E+00 1.1293769E+00    69
 1.1293769E+00 1.1235881E+00    70
 1.1235881E+00 1.1179104E+00    71
 1.1179104E+00 1.1123403E+00    72
 1.1123403E+00 1.1068741E+00    73
 1.1068741E+00 1.1015087E+00    74
 1.1015087E+00 1.0962408E+00    75
 1.0962408E+00 1.0910673E+00    76
 1.0910673E+00 1.0859854E+00    77
 1.0859854E+00 1.0809923E+00    78
 1.0809923E+00 1.0760854E+00    79
 1.0760854E+00 1.0712620E+00    80
 1.0712620E+00 1.0665197E+00    81
 1.0665197E+00 1.0618563E+00    82
 1.0618563E+00 1.0572695E+00    83
 1.0572695E+00 1.0527569E+00    84
 1.0527569E+00 1.0483167E+00    85
 1.0483167E+00 1.0439469E+00    86
 1.0439469E+00 1.0396454E+00    87
 1.0396454E+00 1.0354106E+00    88
 1.0354106E+00 1.0312406E+00    89
 1.0312406E+00 1.0271336E+00    90
 1.0271336E+00 1.0230881E+00    91
 1.0230881E+00 1.0191026E+00    92
 1.0191026E+00 1.0151753E+00    93
 1.0151753E+00 1.0113051E+00    94
 1.0113051E+00 1.0074903E+00    95
 1.0074903E+00 1.0037295E+00    96
 1.0037295E+00 1.0000216E+00    97
 1.0000216E+00 9.9636513E-01    98
 9.9636513E-01 9.9275905E-01    99
 9.9275905E-01 9.8920202E-01   100
 9.8920202E-01 9.8569292E-01   101
 9.8569292E-01 9.8223066E-01   102
 9.8223066E-01 9.7881418E-01   103
 9.7881418E-01 9.7544247E-01   104
 9.7544247E-01 9.7211438E-01   105
 9.7211438E-01 9.6882910E-01   106
 9.6882910E-01 9.6558559E-01   107
 9.6558559E-01 9.6238297E-01   108
 9.6238297E-01 9.5922035E-01   109
 9.5922035E-01 9.5609683E-01   110
 9.5609683E-01 9.5301163E-01   111
 9.5301163E-01 9.4996393E-01   112
 9.4996393E-01 9.4695294E-01   113
 9.4695294E-01 9.4397789E-01   114
 9.4397789E-01 9.4103807E-01   115
 9.4103807E-01 9.3813270E-01   116
 9.3813270E-01 9.3526113E-01   117
 9.3526113E-01 9.3242270E-01   118
 9.3242270E-01 9.2961669E-01   119
 9.2961669E-01 9.2684257E-01   120
 9.2684257E-01 9.2409962E-01   121
 9.2409962E-01 9.2138726E-01   122
 9.2138726E-01 9.1870487E-01   123
 9.1870487E-01 9.1605192E-01   124
 9.1605192E-01 9.1342789E-01   125
 9.1342789E-01 9.1083217E-01   126
 9.1083217E-01 9.0826428E-01   127
 9.0826428E-01 9.0572363E-01   128
 9.0572363E-01 9.0320987E-01   129
 9.0320987E-01 9.0072232E-01   130
 9.0072232E-01 8.9826065E-01   131
 8.9826065E-01 8.9582437E-01   132
 8.9582437E-01 8.9341301E-01   133
 8.9341301E-01 8.9102608E-01   134
 8.9102608E-01 8.8866323E-01   135
 8.8866323E-01 8.8632405E-01   136
 8.8632405E-01 8.8400805E-01   137
 8.8400805E-01 8.8171488E-01   138
 8.8171488E-01 8.7944418E-01   139
 8.7944418E-01 8.7719554E-01   140
 8.7719554E-01 8.7496853E-01   141
 8.7496853E-01 8.7276292E-01   142
 8.7276292E-01 8.7057829E-01   143
 8.7057829E-01 8.6841428E-01   144
 8.6841428E-01 8.6627054E-01   145
 8.6627054E-01 8.6414683E-01   146
 8.6414683E-01 8.6204273E-01   147
 8.6204273E-01 8.5995799E-01   148
 8.5995799E-01 8.5789222E-01   149
 8.5789222E-01 8.5584527E-01   150
 8.5584527E-01 8.5381669E-01   151
 8.5381669E-01 8.5180628E-01   152
 8.5180628E-01 8.4981376E-01   153
 8.4981376E-01 8.4783882E-01   154
 8.4783882E-01 8.4588122E-01   155
 8.4588122E-01 8.4394068E-01   156
 8.4394068E-01 8.4201694E-01   157
 8.4201694E-01 8.4010977E-01   158
 8.4010977E-01 8.3821887E-01   159
 8.3821887E-01 8.3634406E-01   160
 8.3634406E-01 8.3448511E-01   161
