   0.000000  15.000000000   0.000001000   1.000000000   0.000000000   0.000000000
   0.099567  14.822975255   0.177025745  15.000001000   6.111827850   0.034734797
   0.199133  14.648719331   0.351281669  15.000001000   5.969503403   0.749783039
   0.298700  14.477164676   0.522836324  15.000001000   5.831691265   3.087912321
   0.398266  14.308254885   0.691746115  15.000001000   5.697643280   6.236485958
   0.497833  14.141937211   0.858063789  15.000001000   5.567268372   8.989979744
   0.597399  13.978161147   1.021839853  15.000001000   5.440399647  11.090674400
   0.696966  13.816878315   1.183122685  15.000001000   5.316866398  12.669460297
   0.796532  13.658042071   1.341958929  15.000001000   5.196546078  13.855980873
   0.896099  13.501607238   1.498393762  15.000001000   5.079328537  14.739538193
   0.995665  13.347529976   1.652471024  15.000001000   4.965112686  15.386689186
   1.095232  13.195767633   1.804233367  15.000001000   4.853805542  15.850774765
   1.194798  13.046278739   1.953722261  15.000001000   4.745303154  16.173095703
   1.294365  12.899022895   2.100978105  15.000001000   4.639518261  16.385719299
   1.393932  12.753960708   2.246040292  15.000001000   4.536369324  16.513628006
   1.493498  12.611053729   2.388947271  15.000001000   4.435780048  16.576330185
   1.593065  12.470264403   2.529736597  15.000001000   4.337676048  16.589460373
   1.692631  12.331556063   2.668444937  15.000001000   4.241978645  16.564205170
   1.792198  12.194892874   2.805108126  15.000001000   4.148620605  16.509105682
   1.891764  12.060239802   2.939761198  15.000001000   4.057534218  16.430795670
   1.991331  11.927562579   3.072438421  15.000001000   3.968658209  16.334611893
   2.090897  11.796827678   3.203173322  15.000001000   3.881928682  16.224962234
   2.190464  11.668002302   3.331998698  15.000001000   3.797284842  16.104719162
   2.290030  11.541054348   3.458946652  15.000001000   3.714669228  15.976148605
   2.389597  11.415952387   3.584048613  15.000001000   3.634026527  15.841079712
   2.489163  11.292665636   3.707335364  15.000001000   3.555304050  15.701146126
   2.588730  11.171163953   3.828837047  15.000001000   3.478448629  15.557700157
   2.688297  11.051417806   3.948583194  15.000001000   3.403409958  15.411509514
   2.787863  10.933398266   4.066602734  15.000001000   3.330140352  15.263234138
   2.887429  10.817076981   4.182924019  15.000001000   3.258591413  15.113434792
   2.986996  10.702426165   4.297574835  15.000001000   3.188718557  14.962743759
   3.086563  10.589418583   4.410582417  15.000001000   3.120477200  14.811601639
   3.186129  10.478027533   4.521973467  15.000001000   3.053824902  14.660235405
   3.285696  10.368226835   4.631774165  15.000001000   2.988720417  14.508855820
   3.385262  10.259990813   4.740010187  15.000001000   2.925123215  14.357671738
   3.484829  10.153294290   4.846706710  15.000001000   2.862993717  14.206976891
   3.584395  10.048112571   4.951888429  15.000001000   2.802295208  14.056915283
   3.683962   9.944421426   5.055579574  15.000001000   2.742991447  13.907561302
   3.783528   9.842197085   5.157803915  15.000001000   2.685046196  13.758998871
   3.883095   9.741416225   5.258584775  15.000001000   2.628424644  13.611317635
   3.982661   9.642055965   5.357945035  15.000001000   2.573093414  13.464669228
   4.082228   9.544093845   5.455907155  15.000001000   2.519020319  13.319095612
   4.181795   9.447507819   5.552493181  15.000001000   2.466173887  13.174623489
   4.281361   9.352276249   5.647724751  15.000001000   2.414524078  13.031291008
   4.380928   9.258377893   5.741623107  15.000001000   2.364039660  12.889147758
   4.480494   9.165791903   5.834209097  15.000001000   2.314692020  12.748260498
   4.580060   9.074497804   5.925503196  15.000001000   2.266453505  12.608638763
   4.679627   8.984475493   6.015525507  15.000001000   2.219297171  12.470296860
   4.779194   8.895705225   6.104295775  15.000001000   2.173196077  12.333252907
   4.878760   8.808167616   6.191833384  15.000001000   2.128123283  12.197530746
   4.978327   8.721843631   6.278157369  15.000001000   2.084054232  12.063146591
   5.077893   8.636714568   6.363286432  15.000001000   2.040965557  11.930103302
   5.177460   8.552762057   6.447238943  15.000001000   1.998832822  11.798412323
   5.277027   8.469968053   6.530032947  15.000001000   1.957633138  11.668076515
   5.376593   8.388314830   6.611686170  15.000001000   1.917342305  11.539098740
   5.476160   8.307784980   6.692216020  15.000001000   1.877939939  11.411475182
   5.575726   8.228361390   6.771639610  15.000001000   1.839404702  11.285204887
   5.675292   8.150027246   6.849973754  15.000001000   1.801716208  11.160294533
   5.774859   8.072766025   6.927234975  15.000001000   1.764854074  11.036746025
   5.874426   7.996561500   7.003439500  15.000001000   1.728796601  10.914539337
   5.973992   7.921397718   7.078603282  15.000001000   1.693526506  10.793663979
   6.073559   7.847258997   7.152742003  15.000001000   1.659025550  10.674123764
   6.173125   7.774129926   7.225871074  15.000001000   1.625275254  10.555915833
   6.272692   7.701995355   7.298005645  15.000001000   1.592257619  10.439045906
   6.372258   7.630840401   7.369160599  15.000001000   1.559954166  10.323472977
   6.471825   7.560650428   7.439350572  15.000001000   1.528349876  10.209192276
   6.571392   7.491411045   7.508589955  15.000001000   1.497428179  10.096204758
   6.670958   7.423108105   7.576892895  15.000001000   1.467173457   9.984510422
   6.770525   7.355727700   7.644273300  15.000001000   1.437569141   9.874105453
   6.870091   7.289256161   7.710744839  15.000001000   1.408599734   9.764944077
   6.969657   7.223680043   7.776320957  15.000001000   1.380251765   9.657020569
   7.069224   7.158986123   7.841014877  15.000001000   1.352510929   9.550342560
   7.168791   7.095161398   7.904839602  15.000001000   1.325363040   9.444907188
   7.268357   7.032193083   7.967807917  15.000001000   1.298793554   9.340701103
   7.367924   6.970068611   8.029932389  15.000001000   1.272789359   9.237677574
   7.467490   6.908775614   8.091225386  15.000001000   1.247338295   9.135839462
   7.567057   6.848301927   8.151699073  15.000001000   1.222427726   9.035187721
   7.666624   6.788635587   8.211365413  15.000001000   1.198045492   8.935724258
   7.766190   6.729764827   8.270236173  15.000001000   1.174178004   8.837423325
   7.865757   6.671678078   8.328322922  15.000001000   1.150814295   8.740243912
   7.965323   6.614363952   8.385637048  15.000001000   1.127943873   8.644192696
   8.064890   6.557811245   8.442189755  15.000001000   1.105555058   8.549270630
   8.164456   6.502008937   8.497992063  15.000001000   1.083637476   8.455477715
   8.264023   6.446946188   8.553054812  15.000001000   1.062178612   8.362779617
   8.363589   6.392612334   8.607388666  15.000001000   1.041169524   8.271142960
   8.463156   6.338996878   8.661004122  15.000001000   1.020600557   8.180576324
   8.562722   6.286089489   8.713911511  15.000001000   1.000461698   8.091082573
   8.662289   6.233880003   8.766120997  15.000001000   0.980742991   8.002660751
   8.761855   6.182358424   8.817642576  15.000001000   0.961434245   7.915266037
   8.861422   6.131514912   8.868486088  15.000001000   0.942527354   7.828880310
   8.960988   6.081339780   8.918661220  15.000001000   0.924013555   7.743510723
   9.060555   6.031823494   8.968177506  15.000001000   0.905884206   7.659160137
   9.160121   5.982956673   9.017044327  15.000001000   0.888130069   7.575824738
   9.259688   5.934730087   9.065270913  15.000001000   0.870742559   7.493453026
   9.359255   5.887134649   9.112866351  15.000001000   0.853714466   7.412039757
   9.458821   5.840161412   9.159839588  15.000001000   0.837037921   7.331588745
   9.558388   5.793801570   9.206199430  15.000001000   0.820705116   7.252103329
   9.657954   5.748046456   9.251954544  15.000001000   0.804708004   7.173573017
   9.757521   5.702887540   9.297113460  15.000001000   0.789039016   7.095947742
   9.857087   5.658316425   9.341684575  15.000001000   0.773691773   7.019228458
   9.956654   5.614324840   9.385676160  15.000001000   0.758659244   6.943420887
  10.056220   5.570904643   9.429096357  15.000001000   0.743934572   6.868523121
  10.155787   5.528047820   9.471953180  15.000001000   0.729510128   6.794521809
  10.255353   5.485746484   9.514254516  15.000001000   0.715379953   6.721370220
  10.354919   5.443992868   9.556008132  15.000001000   0.701537907   6.649075031
  10.454487   5.402779319   9.597221681  15.000001000   0.687977791   6.577637672
  10.554053   5.362098305   9.637902695  15.000001000   0.674693644   6.507059574
  10.653620   5.321942412   9.678058588  15.000001000   0.661678433   6.437316895
  10.753186   5.282304339   9.717696661  15.000001000   0.648927212   6.368372917
  10.852753   5.243176895   9.756824105  15.000001000   0.636434376   6.300234795
  10.952319   5.204552996   9.795448004  15.000001000   0.624194443   6.232905388
  11.051886   5.166425666   9.833575334  15.000001000   0.612201929   6.166384697
  11.151452   5.128788041   9.871212959  15.000001000   0.600450635   6.100640774
  11.251019   5.091633357   9.908367643  15.000001000   0.588936329   6.035650253
  11.350585   5.054954952   9.945046048  15.000001000   0.577654004   5.971419334
  11.450151   5.018746263   9.981254737  15.000001000   0.566598594   5.907951355
  11.549718   4.983000827  10.017000173  15.000001000   0.555765212   5.845244408
  11.649285   4.947712281  10.052288719  15.000001000   0.545148551   5.783259869
  11.748852   4.912874357  10.087126643  15.000001000   0.534744680   5.721986771
  11.848418   4.878480879  10.121520121  15.000001000   0.524549186   5.661429882
  11.947985   4.844525761  10.155475239  15.000001000   0.514557660   5.601591587
  12.047551   4.811003010  10.188997990  15.000001000   0.504765391   5.542466164
  12.147118   4.777906727  10.222094273  15.000001000   0.495168030   5.484015942
  12.246684   4.745231097  10.254769903  15.000001000   0.485761940   5.426235676
  12.346251   4.712970390  10.287030610  15.000001000   0.476543158   5.369130611
  12.445817   4.681118961  10.318882039  15.000001000   0.467507690   5.312701702
  12.545383   4.649671250  10.350329750  15.000001000   0.458651364   5.256940365
  12.644950   4.618621781  10.381379219  15.000001000   0.449970365   5.201809883
  12.744516   4.587965158  10.412035842  15.000001000   0.441461474   5.147311211
  12.844084   4.557696061  10.442304939  15.000001000   0.433121085   5.093448639
  12.943650   4.527809251  10.472191749  15.000001000   0.424945623   5.040222168
  13.043217   4.498299564  10.501701436  15.000001000   0.416931212   4.987618446
  13.142783   4.469161918  10.530839082  15.000001000   0.409074783   4.935607433
  13.242350   4.440391299  10.559609701  15.000001000   0.401373208   4.884191513
