   0.000000E+00  0.000000E+00  0.000000E+00  0.000000E+00
   0.187684E-04  0.597973E-07  0.348864E-06  0.531198E-10
   0.183309E-04  0.180038E-05  0.888136E-06  0.922101E-08
   0.179075E-04  0.838492E-05  0.137844E-05  0.106312E-06
   0.174957E-04  0.179705E-04  0.182117E-05  0.424463E-06
   0.170952E-04  0.266341E-04  0.222392E-05  0.997682E-06
   0.167054E-04  0.332891E-04  0.259103E-05  0.179199E-05
   0.163259E-04  0.382899E-04  0.293158E-05  0.271080E-05
   0.159563E-04  0.420502E-04  0.324906E-05  0.370687E-05
   0.155963E-04  0.448551E-04  0.354618E-05  0.474721E-05
   0.152454E-04  0.469146E-04  0.382429E-05  0.580966E-05
   0.149035E-04  0.483943E-04  0.408476E-05  0.687566E-05
   0.145703E-04  0.494269E-04  0.433074E-05  0.793054E-05
   0.142454E-04  0.501138E-04  0.456346E-05  0.896748E-05
   0.139286E-04  0.505335E-04  0.478397E-05  0.998202E-05
   0.136196E-04  0.507470E-04  0.499235E-05  0.109699E-04
   0.133183E-04  0.508025E-04  0.518966E-05  0.119292E-04
   0.130244E-04  0.507374E-04  0.537738E-05  0.128609E-04
   0.127377E-04  0.505786E-04  0.555613E-05  0.137649E-04
   0.124579E-04  0.503467E-04  0.572647E-05  0.146419E-04
   0.121850E-04  0.500581E-04  0.588811E-05  0.154901E-04
   0.119186E-04  0.497262E-04  0.604209E-05  0.163119E-04
   0.116586E-04  0.493613E-04  0.618914E-05  0.171092E-04
   0.114049E-04  0.489705E-04  0.632964E-05  0.178830E-04
   0.111573E-04  0.485593E-04  0.646394E-05  0.186342E-04
   0.109155E-04  0.481323E-04  0.659161E-05  0.193612E-04
   0.106795E-04  0.476939E-04  0.671204E-05  0.200674E-04
   0.104491E-04  0.472470E-04  0.681682E-05  0.207538E-04
   0.102241E-04  0.467938E-04  0.690118E-05  0.214207E-04
   0.100043E-04  0.463357E-04  0.696723E-05  0.220659E-04
   0.978977E-05  0.458744E-04  0.701517E-05  0.226802E-04
   0.958021E-05  0.454115E-04  0.704915E-05  0.232605E-04
   0.937553E-05  0.449481E-04  0.707067E-05  0.238028E-04
   0.917561E-05  0.444846E-04  0.708104E-05  0.243047E-04
   0.898032E-05  0.440216E-04  0.708115E-05  0.247639E-04
   0.878954E-05  0.435598E-04  0.707151E-05  0.251777E-04
   0.860315E-05  0.431000E-04  0.705410E-05  0.255518E-04
   0.842104E-05  0.426424E-04  0.702975E-05  0.258876E-04
   0.824311E-05  0.421872E-04  0.699918E-05  0.261872E-04
   0.806925E-05  0.417347E-04  0.696273E-05  0.264503E-04
   0.789935E-05  0.412852E-04  0.692097E-05  0.266785E-04
   0.773331E-05  0.408389E-04  0.687489E-05  0.268768E-04
   0.757104E-05  0.403961E-04  0.682495E-05  0.270471E-04
   0.741244E-05  0.399568E-04  0.677157E-05  0.271912E-04
   0.725743E-05  0.395211E-04  0.671486E-05  0.273091E-04
   0.710591E-05  0.390892E-04  0.665535E-05  0.274033E-04
   0.695779E-05  0.386612E-04  0.659353E-05  0.274768E-04
   0.681300E-05  0.382371E-04  0.652965E-05  0.275311E-04
   0.667144E-05  0.378170E-04  0.646398E-05  0.275675E-04
   0.653305E-05  0.374009E-04  0.639658E-05  0.275856E-04
   0.639774E-05  0.369889E-04  0.632784E-05  0.275880E-04
   0.626544E-05  0.365810E-04  0.625798E-05  0.275763E-04
   0.613607E-05  0.361772E-04  0.618717E-05  0.275516E-04
   0.600957E-05  0.357776E-04  0.611558E-05  0.275148E-04
   0.588587E-05  0.353821E-04  0.604327E-05  0.274653E-04
   0.576489E-05  0.349908E-04  0.597045E-05  0.274053E-04
   0.564657E-05  0.346037E-04  0.589729E-05  0.273359E-04
   0.553086E-05  0.342207E-04  0.582387E-05  0.272576E-04
   0.541768E-05  0.338418E-04  0.575030E-05  0.271709E-04
   0.530697E-05  0.334671E-04  0.567665E-05  0.270757E-04
   0.519869E-05  0.330965E-04  0.560304E-05  0.269735E-04
   0.509276E-05  0.327300E-04  0.552953E-05  0.268649E-04
   0.498914E-05  0.323675E-04  0.545619E-05  0.267504E-04
   0.488776E-05  0.320091E-04  0.538309E-05  0.266300E-04
   0.478859E-05  0.316547E-04  0.531032E-05  0.265041E-04
   0.469156E-05  0.313043E-04  0.523790E-05  0.263735E-04
   0.459662E-05  0.309579E-04  0.516587E-05  0.262386E-04
   0.450373E-05  0.306153E-04  0.509429E-05  0.260997E-04
   0.441284E-05  0.302768E-04  0.502322E-05  0.259570E-04
   0.432390E-05  0.299421E-04  0.495268E-05  0.258106E-04
   0.423687E-05  0.296111E-04  0.488270E-05  0.256612E-04
   0.415170E-05  0.292840E-04  0.481329E-05  0.255091E-04
   0.406836E-05  0.289607E-04  0.474448E-05  0.253544E-04
   0.398679E-05  0.286411E-04  0.467635E-05  0.251971E-04
   0.390695E-05  0.283252E-04  0.460888E-05  0.250377E-04
   0.382882E-05  0.280130E-04  0.454207E-05  0.248764E-04
   0.375234E-05  0.277043E-04  0.447593E-05  0.247134E-04
   0.367748E-05  0.273993E-04  0.441047E-05  0.245489E-04
   0.360421E-05  0.270978E-04  0.434580E-05  0.243828E-04
   0.353249E-05  0.267999E-04  0.428185E-05  0.242156E-04
   0.346227E-05  0.265053E-04  0.421862E-05  0.240472E-04
   0.339354E-05  0.262142E-04  0.415611E-05  0.238780E-04
   0.332625E-05  0.259266E-04  0.409433E-05  0.237081E-04
   0.326038E-05  0.256423E-04  0.403340E-05  0.235373E-04
   0.319588E-05  0.253614E-04  0.397319E-05  0.233660E-04
   0.313273E-05  0.250836E-04  0.391371E-05  0.231943E-04
   0.307091E-05  0.248092E-04  0.385499E-05  0.230223E-04
   0.301037E-05  0.245380E-04  0.379702E-05  0.228500E-04
   0.295110E-05  0.242700E-04  0.373987E-05  0.226776E-04
   0.289306E-05  0.240052E-04  0.368348E-05  0.225050E-04
   0.283622E-05  0.237434E-04  0.362783E-05  0.223326E-04
   0.278057E-05  0.234847E-04  0.357291E-05  0.221602E-04
   0.272606E-05  0.232291E-04  0.351876E-05  0.219879E-04
   0.267269E-05  0.229765E-04  0.346539E-05  0.218160E-04
   0.262041E-05  0.227269E-04  0.341275E-05  0.216443E-04
   0.256922E-05  0.224802E-04  0.336084E-05  0.214730E-04
   0.251908E-05  0.222364E-04  0.330964E-05  0.213020E-04
   0.246997E-05  0.219955E-04  0.325920E-05  0.211316E-04
   0.242187E-05  0.217576E-04  0.320950E-05  0.209616E-04
   0.237476E-05  0.215223E-04  0.316051E-05  0.207923E-04
   0.232861E-05  0.212898E-04  0.311221E-05  0.206235E-04
   0.228341E-05  0.210601E-04  0.306459E-05  0.204553E-04
   0.223913E-05  0.208332E-04  0.301774E-05  0.202878E-04
   0.219576E-05  0.206089E-04  0.297157E-05  0.201211E-04
   0.215326E-05  0.203872E-04  0.292607E-05  0.199551E-04
   0.211164E-05  0.201681E-04  0.288122E-05  0.197898E-04
   0.207086E-05  0.199517E-04  0.283705E-05  0.196253E-04
   0.203091E-05  0.197378E-04  0.279360E-05  0.194618E-04
   0.199177E-05  0.195264E-04  0.275080E-05  0.192990E-04
   0.195342E-05  0.193175E-04  0.270864E-05  0.191372E-04
   0.191584E-05  0.191110E-04  0.266711E-05  0.189762E-04
   0.187903E-05  0.189070E-04  0.262619E-05  0.188161E-04
   0.184296E-05  0.187054E-04  0.258594E-05  0.186571E-04
   0.180761E-05  0.185061E-04  0.254631E-05  0.184990E-04
   0.177298E-05  0.183092E-04  0.250726E-05  0.183418E-04
   0.173904E-05  0.181145E-04  0.246881E-05  0.181856E-04
   0.170579E-05  0.179222E-04  0.243096E-05  0.180305E-04
   0.167320E-05  0.177321E-04  0.239373E-05  0.178763E-04
   0.164127E-05  0.175443E-04  0.235707E-05  0.177232E-04
   0.160997E-05  0.173586E-04  0.232096E-05  0.175711E-04
   0.157930E-05  0.171750E-04  0.228540E-05  0.174200E-04
   0.154924E-05  0.169937E-04  0.225042E-05  0.172700E-04
   0.151978E-05  0.168145E-04  0.221603E-05  0.171211E-04
   0.149091E-05  0.166373E-04  0.218214E-05  0.169732E-04
   0.146261E-05  0.164622E-04  0.214878E-05  0.168264E-04
   0.143488E-05  0.162892E-04  0.211593E-05  0.166806E-04
   0.140769E-05  0.161181E-04  0.208362E-05  0.165360E-04
   0.138105E-05  0.159491E-04  0.205183E-05  0.163924E-04
   0.135493E-05  0.157820E-04  0.202055E-05  0.162500E-04
   0.132933E-05  0.156168E-04  0.198974E-05  0.161085E-04
   0.130423E-05  0.154536E-04  0.195941E-05  0.159682E-04
   0.127963E-05  0.152923E-04  0.192959E-05  0.158290E-04
   0.125552E-05  0.151328E-04  0.190026E-05  0.156908E-04
   0.123188E-05  0.149752E-04  0.187138E-05  0.155538E-04
